1781599798326 18.03106437041717 0
1781599798328 15.675319844634284 1
1781599798329 14.019369835489856 2
1781599798330 13.202603442092848 3
1781599798332 11.911936560361603 4
1781599798333 11.19994888116096 5
1781599798335 10.454183988330213 6
1781599798336 10.164437641060973 7
1781599798337 9.574966997152906 8
1781599798339 9.462693465585735 9
1781599798340 8.92904693790571 10
1781599798341 8.822388741247575 11
1781599798343 8.29353241120412 12
1781599798344 8.041919987724807 13
1781599798345 7.7588255560464505 14
1781599798346 7.880725930763906 15
1781599798348 7.331534859509898 16
1781599798349 7.189607780881511 17
1781599798350 7.136143494415179 18
1781599798352 6.898658428232547 19
1781599798353 6.903565197981807 20
1781599798354 6.803415841878323 21
1781599798356 6.512656351900392 22
1781599798357 6.3549577072837735 23
1781599798359 6.713622253415186 24
1781599798360 6.155996872045998 25
1781599798362 6.130446375434477 26
1781599798363 5.978575418833324 27
1781599798364 5.577712439871975 28
1781599798366 5.5882014040883865 29
1781599798367 5.453479481317758 30
1781599798368 5.396212306489251 31
1781599798370 5.408749508777973 32
1781599798371 5.204660688922071 33
1781599798372 5.278252396158798 34
1781599798374 5.104310104283108 35
1781599798375 4.992924963190456 36
1781599798376 4.975719191125301 37
1781599798377 4.788779198672956 38
1781599798379 4.707491172778889 39
1781599798380 4.690785487038484 40
1781599798382 4.740985634257601 41
1781599798383 4.6820061924240886 42
1781599798384 4.6340776815337925 43
1781599798385 4.614350008015753 44
1781599798387 4.532926041899063 45
1781599798388 4.496614620400225 46
1781599798389 4.583400001634462 47
1781599798391 4.4451418015722135 48
1781599798392 4.3982062951140595 49
1781599798393 4.409284445640587 50
1781599798395 4.383387340342259 51
1781599798397 4.328690969942003 52
1781599798398 4.4279969148536 53
1781599798400 4.28672466806093 54
1781599798401 4.213635194729548 55
1781599798402 4.217875814608733 56
1781599798404 4.177487874535967 57
1781599798405 4.160259838280321 58
1781599798406 4.10941716050245 59
1781599798408 4.0623326841912295 60
1781599798409 4.11680197917874 61
1781599798411 4.089272002725126 62
1781599798412 4.0759582281744 63
1781599798413 4.049280243850558 64
1781599798415 4.062645804409844 65
1781599798416 4.048806223232588 66
1781599798417 4.028919738079734 67
1781599798419 4.02245717245767 68
1781599798420 4.017665336340577 69
1781599798421 4.056905624875664 70
1781599798423 4.017981601879306 71
1781599798424 4.010496294100354 72
1781599798426 3.9973074597747784 73
1781599798427 3.990323755982795 74
1781599798428 3.9770308006882478 75
1781599798430 3.9852970648954886 76
1781599798431 3.983614207083932 77
1781599798432 3.986503811177955 78
1781599798434 3.988188373221581 79
1781599798435 3.9804450003447496 80
1781599798437 3.971797414376357 81
1781599798438 3.9709267770560364 82
1781599798439 3.970201382147425 83
1781599798441 3.9724927646984503 84
1781599798442 3.9806883480692687 85
1781599798443 3.976905281630387 86
1781599798445 3.975095530292138 87
1781599798446 3.973406754368979 88
1781599798447 3.9683520250347 89
1781599798449 3.9694948581979985 90
1781599798450 3.9666474191289858 91
