1781600097710 19.30659037385601 0
1781600097711 12.599563409132186 1
1781600097713 13.435443658272764 2
1781600097714 10.593130917789084 3
1781600097715 10.043346871187318 4
1781600097717 12.9838689354012 5
1781600097718 9.611631582678706 6
1781600097720 8.276267848620135 7
1781600097721 8.062474945741858 8
1781600097723 7.294735171993956 9
1781600097724 7.9212329107796355 10
1781600097725 7.304500495161646 11
1781600097727 6.94619724456645 12
1781600097728 6.447892395920964 13
1781600097729 6.782693570893667 14
1781600097731 5.341147763281814 15
1781600097732 4.657870976109919 16
1781600097733 4.175606640535367 17
1781600097735 4.0035071400470805 18
1781600097736 4.509495869611677 19
1781600097737 4.003118682637196 20
1781600097738 4.07814640203132 21
1781600097740 3.8128857988704343 22
1781600097741 3.556259080470011 23
1781600097742 3.1079063773257536 24
1781600097744 3.2103807023411757 25
1781600097745 2.830412070238777 26
1781600097746 3.4122928521654106 27
1781600097748 3.2598324301812176 28
1781600097749 2.820160917771522 29
1781600097750 2.747854112207451 30
1781600097751 3.204664158013728 31
1781600097753 2.8248046653519894 32
1781600097754 2.920094855412868 33
1781600097755 2.693189910682625 34
1781600097757 2.6446632485236288 35
1781600097758 2.579021089702145 36
1781600097759 2.675019133512114 37
1781600097761 2.5762706749211355 38
1781600097762 2.503293947716546 39
1781600097763 2.901191648560756 40
1781600097764 2.6088874935563426 41
1781600097766 2.6728160994692707 42
1781600097767 2.9242452034856656 43
1781600097768 2.2370778420648807 44
1781600097770 2.1392626767229626 45
1781600097771 2.0870428742173615 46
1781600097772 2.0407824961342533 47
1781600097774 2.101974584087324 48
1781600097775 2.0716634295894902 49
1781600097777 2.079521444562713 50
1781600097778 2.0046319988287333 51
1781600097780 1.9923330964786348 52
1781600097782 2.119290707663611 53
1781600097784 1.9846404237435493 54
1781600097785 1.859285014693684 55
1781600097787 1.739090480319349 56
1781600097789 1.7329403001571309 57
1781600097791 1.7470179815169917 58
1781600097792 1.7110402814294945 59
1781600097793 1.6864948247889553 60
1781600097795 1.7436829701514753 61
1781600097796 1.6475131813261963 62
1781600097797 1.5628095880190211 63
1781600097799 1.5399195689706564 64
1781600097800 1.53937607928303 65
1781600097801 1.5472744827688936 66
1781600097803 1.5387609545018266 67
1781600097804 1.461435049744872 68
1781600097805 1.449950082108923 69
1781600097807 1.4322643926298047 70
1781600097808 1.4502555556770234 71
1781600097810 1.4228939547857347 72
1781600097811 1.4242792409522624 73
1781600097812 1.4423974675543079 74
1781600097813 1.474219257570093 75
1781600097815 1.4256514671080447 76
1781600097816 1.4081223376241088 77
1781600097817 1.409785332298471 78
1781600097818 1.436536357485668 79
1781600097820 1.3756362847355112 80
1781600097821 1.3703527360873982 81
1781600097822 1.4386412964397577 82
1781600097824 1.3672990607274607 83
1781600097825 1.3939336499125452 84
1781600097826 1.4844357237160388 85
1781600097828 1.4019376588026926 86
1781600097829 1.3624531882461022 87
1781600097830 1.3590400435378092 88
1781600097832 1.4505854941529184 89
1781600097833 1.3616518679418046 90
1781600097834 1.3717766880903233 91
1781600097835 1.3818129797674252 92
1781600097837 1.3686377860233798 93
1781600097838 1.3841735977228573 94
1781600097839 1.3614984355527382 95
1781600097841 1.405666741743075 96
1781600097842 1.396172351824665 97
1781600097843 1.3726292994758247 98
1781600097845 1.3539524416301232 99
1781600097846 1.3697097725858822 100
1781600097847 1.3674457088832528 101
1781600097848 1.3608366474712716 102
1781600097850 1.4889585422866527 103
1781600097851 1.410403234410701 104
1781600097852 1.3700782881335574 105
1781600097854 1.411294353324626 106
1781600097855 1.3891700257083606 107
1781600097856 1.358062285007003 108
1781600097858 1.3417360358151518 109
1781600097859 1.363918046641324 110
1781600097860 1.3874332509348215 111
1781600097862 1.344249384334338 112
1781600097863 1.4381061822261203 113
1781600097865 1.3879295410573076 114
1781600097866 1.3578702470537762 115
