1781599536243 17.686997130739517 0
1781599536244 13.305881995097835 1
1781599536246 12.036963541764353 2
1781599536247 10.4909562101949 3
1781599536248 9.890529665826685 4
1781599536249 9.528492047535549 5
1781599536250 8.469533403513257 6
1781599536252 7.939483834569311 7
1781599536253 7.226366738566487 8
1781599536254 7.179095502837324 9
1781599536255 6.709024946045039 10
1781599536257 6.340012827272341 11
1781599536258 5.853550025783373 12
1781599536259 5.244109250156738 13
1781599536260 5.03675817365798 14
1781599536262 4.944337374293227 15
1781599536263 4.476095454973519 16
1781599536264 4.376976515212643 17
1781599536265 4.111941387513773 18
1781599536266 3.227391688516988 19
1781599536268 3.110292660062702 20
1781599536269 2.9204355812552136 21
1781599536270 2.775141597050818 22
1781599536271 2.725172463926113 23
1781599536273 2.4933110632930022 24
1781599536274 2.37795349522298 25
1781599536275 2.325623409388552 26
1781599536276 2.3075103922510367 27
1781599536278 2.2786647580861956 28
1781599536279 2.1405082092779177 29
1781599536280 2.095222894409256 30
1781599536281 2.1294216089578875 31
1781599536283 2.083136073827969 32
1781599536284 2.046975086852613 33
1781599536285 2.017201106724263 34
1781599536286 2.0092599500060424 35
1781599536288 2.0073847526409607 36
1781599536289 1.9678664525709697 37
1781599536290 1.947665097333547 38
1781599536291 1.9360978601494074 39
1781599536292 1.9533777267455747 40
1781599536294 1.9264045131933754 41
1781599536295 1.9174315284162917 42
1781599536296 1.9130329240283837 43
