1781599914541 20.903580217889704 0
1781599914542 15.251727513879972 1
1781599914544 13.410434272839922 2
1781599914545 13.593776588476059 3
1781599914546 11.182901463417354 4
1781599914548 10.963765799442445 5
1781599914549 10.355576907721156 6
1781599914550 9.534364293762861 7
1781599914551 9.523427512455878 8
1781599914553 10.299187824916322 9
1781599914554 9.088429931105479 10
1781599914555 9.375015917786818 11
1781599914557 7.321033395947856 12
1781599914558 9.244387299250596 13
1781599914559 8.869450321648324 14
1781599914560 8.097640585893643 15
1781599914562 8.037484144455851 16
1781599914563 7.147838160917906 17
1781599914564 6.307421542609489 18
1781599914566 8.452936965336525 19
1781599914567 6.911884563343168 20
1781599914568 7.1141017727290095 21
1781599914569 6.086862273781158 22
1781599914571 5.182329648763762 23
1781599914572 6.457892840823827 24
1781599914573 5.247452194940887 25
1781599914575 5.218897867451462 26
1781599914576 5.41272836283928 27
1781599914577 5.51795711861315 28
1781599914579 3.957689619978058 29
1781599914580 3.658203527039746 30
1781599914581 3.34744045926897 31
1781599914582 4.026005041369269 32
1781599914584 2.9660289605345187 33
1781599914585 2.9377425190202056 34
1781599914586 3.370041588980751 35
1781599914588 2.6947498173522066 36
1781599914589 2.709546403224692 37
1781599914590 2.237054766472899 38
1781599914592 2.2114766449900767 39
1781599914593 2.3053948981932084 40
1781599914594 2.3446755690328747 41
1781599914595 2.212004378802557 42
1781599914597 2.4213260431849633 43
1781599914598 2.083375053889543 44
1781599914599 1.8968218839842237 45
1781599914600 1.8474994336633779 46
1781599914602 1.8147368120462062 47
1781599914603 1.7725295237438625 48
1781599914604 1.8580261194955896 49
1781599914606 1.7730381538489108 50
1781599914607 1.7410847896267254 51
1781599914608 1.6519828381043857 52
1781599914610 1.7677426698962704 53
1781599914611 1.607220149939913 54
1781599914613 1.6322101134757097 55
1781599914614 1.578766669821845 56
1781599914616 1.5825103296707135 57
1781599914617 1.5338573867164313 58
1781599914618 1.5577455902056667 59
1781599914619 1.531371001307516 60
1781599914621 1.5259055933498045 61
1781599914622 1.5091876809737066 62
1781599914623 1.51343341794687 63
1781599914625 1.5127278675135576 64
1781599914626 1.470836405261803 65
1781599914627 1.4918116254691547 66
1781599914628 1.4693626286787256 67
1781599914630 1.4924682999434418 68
1781599914631 1.4606864060495977 69
1781599914633 1.4566013583408244 70
1781599914635 1.4457855140953668 71
1781599914636 1.4385456369864267 72
1781599914637 1.4482868336951524 73
1781599914639 1.4586882963354761 74
1781599914640 1.4387754169147597 75
1781599914641 1.4676950700252116 76
1781599914643 1.4340687247084607 77
1781599914644 1.4383003868130295 78
1781599914645 1.430203520612376 79
1781599914646 1.4266481483506825 80
1781599914648 1.451105994363832 81
1781599914649 1.451792722440266 82
1781599914650 1.43750768388663 83
1781599914652 1.4317356509332306 84
1781599914653 1.4380629670395717 85
1781599914654 1.428718394268197 86
1781599914656 1.43157767665733 87
