1781599814935 17.398037876891486 0
1781599814936 14.79713011664003 1
1781599814937 13.739131665266497 2
1781599814939 13.096126982334413 3
1781599814940 11.938292170609223 4
1781599814942 11.425160555165661 5
1781599814943 10.733502465804149 6
1781599814945 10.42035508257044 7
1781599814946 10.065411289842684 8
1781599814948 9.801727000632575 9
1781599814949 9.429148464840484 10
1781599814950 9.165743610916632 11
1781599814952 8.83182453270413 12
1781599814953 8.783731714530083 13
1781599814954 8.672685963594702 14
1781599814956 8.48875231113649 15
1781599814957 8.165828529941026 16
1781599814958 8.138402249743859 17
1781599814960 7.753884907580947 18
1781599814961 7.639362294113236 19
1781599814962 7.547617255865256 20
1781599814964 7.361890510221347 21
1781599814965 7.868256852497432 22
1781599814966 7.0194869255172545 23
1781599814968 6.89591497240131 24
1781599814969 6.883270889234254 25
1781599814970 6.892470950515498 26
1781599814972 6.73490416339238 27
1781599814973 6.475508008422199 28
1781599814975 6.491803303922479 29
1781599814976 6.345708936230119 30
1781599814977 6.193088399967898 31
1781599814979 6.059878630585691 32
1781599814980 5.995129109254794 33
1781599814981 5.899640460127569 34
1781599814983 5.982893437876677 35
1781599814984 5.8173637889978576 36
1781599814985 5.7411325694723425 37
1781599814987 5.728525086615515 38
1781599814988 5.657423540860766 39
1781599814989 5.7058088849528605 40
1781599814990 5.514935581401774 41
1781599814992 5.647366713164503 42
1781599814993 5.531277235186771 43
1781599814995 5.417441641073951 44
1781599814996 5.335671633734174 45
1781599814997 5.335819339870927 46
1781599814998 5.258374664031905 47
1781599815000 5.276231139636266 48
1781599815001 5.285988025617183 49
1781599815003 5.190385894879017 50
1781599815004 5.161008750355275 51
1781599815005 5.188539468687294 52
1781599815007 5.194830371682576 53
1781599815008 5.186290366131535 54
1781599815009 5.101137732623835 55
1781599815011 5.111920988723888 56
1781599815012 5.050042904306975 57
1781599815013 5.044448460451808 58
1781599815015 5.074320281911298 59
1781599815016 5.0272309324831514 60
1781599815017 5.043117824128326 61
1781599815019 5.048177940683832 62
1781599815020 5.082472640667845 63
1781599815021 4.99507899235475 64
1781599815023 5.048689627674426 65
1781599815024 5.049794285309333 66
1781599815025 5.01980772533686 67
1781599815027 4.97902975950035 68
1781599815028 4.992983254237315 69
1781599815030 5.011707999420859 70
1781599815031 5.0525663488756285 71
1781599815033 5.011972122907182 72
1781599815034 4.987856079332617 73
1781599815035 5.031874931311327 74
1781599815037 5.005680082900033 75
1781599815038 4.9818840877731985 76
1781599815040 5.032303962919259 77
1781599815041 5.021442444377941 78
1781599815043 4.991125732201638 79
