1781599644342 18.44839131990925 0
1781599644343 15.797021243606006 1
1781599644345 14.150001566587186 2
1781599644346 12.838519754165494 3
1781599644347 12.798617283454435 4
1781599644348 12.584199066270148 5
1781599644350 11.890995519656844 6
1781599644351 11.87866412139678 7
1781599644352 12.014109311434972 8
1781599644353 11.387948044390187 9
1781599644355 11.39068571910326 10
1781599644356 11.064899387837352 11
1781599644357 10.518433447089542 12
1781599644359 10.509353676327905 13
1781599644360 10.462100994874739 14
1781599644362 10.235793759219707 15
1781599644363 9.653862125892442 16
1781599644364 9.494982855737147 17
1781599644366 9.388296126945496 18
1781599644367 9.820878125768823 19
1781599644368 9.182471454609884 20
1781599644370 8.892222129460892 21
1781599644371 9.685085862423962 22
1781599644373 8.69933104986949 23
1781599644374 8.723810801466568 24
1781599644375 8.18954526610027 25
1781599644377 8.129546595537445 26
1781599644378 8.067926833183 27
1781599644379 8.193276089671397 28
1781599644380 7.8595948286160535 29
1781599644382 7.793262592443901 30
1781599644383 7.8860553180854085 31
1781599644384 7.58452603117066 32
1781599644386 7.658860874512667 33
1781599644387 7.4645394078835245 34
1781599644388 7.771218483135625 35
1781599644389 7.604992882955239 36
1781599644391 7.357744296666731 37
1781599644392 7.341968631241451 38
1781599644393 7.36308484195142 39
1781599644394 7.343345681573965 40
1781599644396 7.264876266501387 41
1781599644397 7.3109673358405045 42
1781599644398 7.237979647878211 43
1781599644400 7.242018345870495 44
1781599644401 7.211171346783551 45
1781599644402 7.2130662625179784 46
1781599644404 7.231720642118527 47
1781599644405 7.2235438460142785 48
1781599644406 7.171543499489452 49
1781599644407 7.202860133436142 50
1781599644409 7.172115591953636 51
1781599644410 7.191629889235564 52
1781599644411 7.188967529889665 53
1781599644412 7.181725837302428 54
1781599644414 7.1670064692369015 55
1781599644415 7.162340065818575 56
