1781599760537 16.422338014518697 0
1781599760538 14.084010145072218 1
1781599760540 11.068228165796823 2
1781599760541 9.826541815514299 3
1781599760542 9.145554843807629 4
1781599760544 8.49526375686286 5
1781599760545 7.536164517053612 6
1781599760546 6.7970598894512095 7
1781599760547 6.7163805319645675 8
1781599760549 6.4767568903775885 9
1781599760550 5.57227710308138 10
1781599760551 5.758438782740911 11
1781599760553 5.180451719669682 12
1781599760554 4.820222805426866 13
1781599760555 5.454760367075076 14
1781599760556 4.8995595760445125 15
1781599760558 5.509549014021972 16
1781599760559 4.432194563354932 17
1781599760560 4.304240475259482 18
1781599760562 3.6588707285060362 19
1781599760563 3.429897375896065 20
1781599760564 3.3313394929733238 21
1781599760566 3.3461912634278024 22
1781599760567 3.2375118066194823 23
1781599760568 3.218404940344032 24
1781599760569 3.1591415222825248 25
1781599760571 3.107450289683204 26
1781599760572 3.19981138603937 27
1781599760573 3.3099082214150197 28
1781599760575 3.126350452561665 29
1781599760576 3.0576072703323534 30
1781599760577 3.012745028415611 31
1781599760578 2.970922763418288 32
1781599760580 2.899126987928506 33
1781599760581 2.8995948529888094 34
1781599760582 2.696821267774955 35
1781599760584 2.63649088444872 36
1781599760585 2.5952205955972656 37
1781599760586 2.4430645767302672 38
1781599760587 2.5429313450444213 39
1781599760589 2.381978114219137 40
1781599760590 2.2279891606874793 41
1781599760591 2.228614865788252 42
1781599760593 2.2136710399442023 43
1781599760594 2.1878916615593025 44
1781599760595 2.1188655030503147 45
1781599760597 2.0995967964591062 46
1781599760598 2.2550702042522395 47
1781599760599 2.363382885940577 48
1781599760601 2.0666754614389404 49
1781599760602 2.0732072796967853 50
1781599760603 2.024239094525375 51
1781599760604 2.0402332015891487 52
1781599760606 2.0139245981906835 53
1781599760607 2.0046852644569255 54
1781599760608 1.9692527764548595 55
1781599760610 2.0222937991872065 56
1781599760611 1.9804398457236498 57
1781599760612 2.00497561294991 58
1781599760613 1.925688946686839 59
1781599760615 1.9787986850946595 60
1781599760616 1.9464886460749693 61
1781599760617 1.9329707794557098 62
1781599760618 1.9489107957570924 63
1781599760620 1.933874809110911 64
1781599760621 1.942802655421497 65
1781599760622 1.9695116033404827 66
1781599760623 1.9526385676463327 67
1781599760625 1.9217703021004389 68
1781599760626 1.9200577028444445 69
1781599760627 1.9231753769542455 70
1781599760628 1.9107669024860539 71
1781599760630 1.9019646423253644 72
1781599760631 1.8749643309986468 73
1781599760632 1.8856652554270183 74
1781599760634 1.8907524869814996 75
1781599760635 1.8971760719252353 76
1781599760636 1.894207807174533 77
1781599760638 1.9003007576282938 78
1781599760639 1.8964807080017174 79
1781599760640 1.8904112194426534 80
1781599760641 1.8948260596355935 81
1781599760643 1.893673296430761 82
1781599760644 1.8969324491912267 83
1781599760645 1.900705528884469 84
1781599760646 1.9006475083247727 85
1781599760648 1.9025846932447217 86
