1781600066782 20.783343021088353 0
1781600066784 16.055456459675188 1
1781600066786 11.99180497245092 2
1781600066787 10.587231663713977 3
1781600066789 9.598529765404988 4
1781600066791 8.689643146782238 5
1781600066793 8.097831383273943 6
1781600066794 7.490893058772687 7
1781600066795 7.643993376565312 8
1781600066797 7.969706235153165 9
1781600066798 6.989093065609188 10
1781600066799 8.92731863901583 11
1781600066801 6.649545539052696 12
1781600066802 5.9665480947075755 13
1781600066803 6.393739019000234 14
1781600066805 6.5805119617592185 15
1781600066806 4.900044429669153 16
1781600066808 4.188335820837167 17
1781600066810 4.0406684006843925 18
1781600066812 3.845018932445793 19
1781600066814 3.674001225469698 20
1781600066816 3.833284874437532 21
1781600066818 3.5115283200329914 22
1781600066820 3.9363738444145695 23
1781600066822 4.401260467038415 24
1781600066824 3.511328285037511 25
1781600066826 3.441097103426278 26
1781600066829 3.4394258271644342 27
1781600066831 3.3569157105907124 28
1781600066833 3.2282584477850595 29
1781600066835 3.1990682755481914 30
1781600066837 2.9157317586581026 31
1781600066839 2.7386805965333862 32
1781600066840 2.7886312417077344 33
1781600066842 2.641897670906574 34
1781600066843 2.6830579408138444 35
1781600066845 2.6505450288262185 36
1781600066846 2.730239918628334 37
1781600066847 2.6690614823984244 38
1781600066849 2.40170527750414 39
1781600066850 2.2632582227560794 40
1781600066851 2.4076588376129826 41
1781600066853 2.248041736617277 42
1781600066854 2.3536476268277657 43
1781600066855 2.0845903672133965 44
1781600066856 2.180925499258566 45
1781600066858 2.1570704521569737 46
1781600066859 2.4084041002794554 47
1781600066860 2.1000750460452244 48
1781600066862 1.9216988036042586 49
1781600066863 2.2264427139442553 50
1781600066864 2.4115494118643617 51
1781600066865 2.161047402337922 52
1781600066867 1.9278874881683523 53
1781600066868 2.113832924792166 54
1781600066869 2.0258624494204036 55
1781600066871 2.0109132886006154 56
1781600066872 2.0650068599062097 57
1781600066873 1.9090071504564512 58
1781600066874 1.835676264672298 59
1781600066876 1.8514407221167717 60
1781600066877 1.7523266588752064 61
1781600066878 1.7499015785093028 62
1781600066880 1.7001694068907065 63
1781600066881 1.688205198029987 64
1781600066882 1.8119062317760752 65
1781600066884 1.731868839638103 66
1781600066885 1.7046934232267503 67
1781600066886 1.688190543329461 68
1781600066888 1.7173973097830384 69
1781600066889 1.695264575693633 70
1781600066890 1.6602149624672695 71
1781600066892 1.6548432918948013 72
1781600066893 1.6903167428509145 73
1781600066895 1.6762046338694756 74
1781600066896 1.669324698881101 75
1781600066897 1.723999434810388 76
1781600066899 1.6644141922640534 77
1781600066900 1.6762903473516573 78
1781600066901 1.6724288835022292 79
1781600066902 1.651608462578715 80
