1781600027817 16.970694559734767 0
1781600027818 13.808263215131078 1
1781600027820 12.723530238573977 2
1781600027821 11.366198610380778 3
1781600027822 10.515745268722211 4
1781600027824 11.739711971769864 5
1781600027825 9.741493008599065 6
1781600027826 9.421100669524822 7
1781600027828 8.786360214840846 8
1781600027829 8.798044038437212 9
1781600027830 8.949064804855764 10
1781600027831 8.65174777820601 11
1781600027833 8.193675749661834 12
1781600027834 8.786269223198955 13
1781600027835 8.74184685866992 14
1781600027837 7.215083803960567 15
1781600027838 7.291296448830242 16
1781600027839 6.451612697615791 17
1781600027841 6.572488952478777 18
1781600027842 6.970735791111236 19
1781600027843 6.392215263688657 20
1781600027845 6.192097345043977 21
1781600027846 6.257761937074771 22
1781600027847 6.2692324644278665 23
1781600027848 6.136424908620005 24
1781600027850 6.575349234368812 25
1781600027851 5.508629426572388 26
1781600027852 5.540623912533946 27
1781600027854 5.319990247858468 28
1781600027855 5.259053280918115 29
1781600027856 5.297289234750778 30
1781600027857 5.139108574963076 31
1781600027859 5.182575842917461 32
1781600027860 5.176239762256818 33
1781600027861 5.2243381229324735 34
1781600027863 4.7979113269187375 35
1781600027864 4.7855709984467625 36
1781600027865 4.852894759774816 37
1781600027866 4.771848668439864 38
1781600027868 4.71543815654255 39
1781600027869 4.776146611022357 40
1781600027870 4.625169536964339 41
1781600027872 4.626627886249427 42
1781600027873 4.553919809978249 43
1781600027875 4.577817712839401 44
1781600027876 4.469394333222925 45
1781600027877 4.570218087653414 46
1781600027879 4.474615298474762 47
1781600027880 4.4947027781650934 48
1781600027881 4.444839921154175 49
1781600027883 4.458312036427724 50
1781600027884 4.45881510309289 51
1781600027885 4.40422065378855 52
1781600027887 4.5623827132045065 53
1781600027888 4.406605848570869 54
1781600027889 4.3722968966100995 55
1781600027891 4.396073448783207 56
1781600027892 4.34912468114632 57
1781600027893 4.462461448496163 58
1781600027895 4.4085226991167215 59
1781600027896 4.397701955368438 60
1781600027897 4.412413805756136 61
1781600027899 4.3789434052722935 62
1781600027900 4.374594451526035 63
1781600027901 4.357333252263615 64
1781600027903 4.416241268263501 65
1781600027904 4.413869723241021 66
1781600027905 4.362746605575894 67
1781600027907 4.3660453392541685 68
1781600027908 4.355278743060376 69
1781600027910 4.387953742358593 70
1781600027911 4.3543577322650275 71
1781600027912 4.376087996015859 72
1781600027914 4.3334116263342235 73
1781600027915 4.3234463750525105 74
1781600027916 4.398844300542311 75
1781600027918 4.313341065847474 76
1781600027919 4.353904230732691 77
1781600027920 4.331159254576232 78
1781600027922 4.3596477685517065 79
