1781600008269 24.129515387835404 0
1781600008271 16.89994033294312 1
1781600008272 13.403600012336781 2
1781600008274 12.155949888237473 3
1781600008275 11.304573597332713 4
1781600008277 12.467559225805685 5
1781600008278 9.856310389343236 6
1781600008279 9.625168693693617 7
1781600008281 9.691566288205795 8
1781600008282 8.995147859502978 9
1781600008284 8.248442505369242 10
1781600008285 8.488867463037957 11
1781600008286 7.805773761294217 12
1781600008288 7.848396555550664 13
1781600008289 7.4524480816096474 14
1781600008290 6.863885779370207 15
1781600008292 6.776691620670615 16
1781600008293 6.5530637899219295 17
1781600008295 6.1253284420892715 18
1781600008296 5.822584339156096 19
1781600008297 5.784944877929497 20
1781600008299 5.292824503690959 21
1781600008300 5.588629160630537 22
1781600008301 5.599805682974638 23
1781600008302 4.91947514476125 24
1781600008304 4.850984907107346 25
1781600008305 4.358680274205119 26
1781600008306 4.016015653131368 27
1781600008308 4.037030124580868 28
1781600008309 3.9947693002509324 29
1781600008310 4.308363224831191 30
1781600008311 4.20590273706155 31
1781600008313 3.6252506277530925 32
1781600008314 3.5853448041270273 33
1781600008315 3.60990417013252 34
1781600008317 3.5866124048776835 35
1781600008318 3.3434406869041413 36
1781600008319 3.490433960067882 37
1781600008321 3.2892761682711824 38
1781600008322 3.2391972123474644 39
1781600008323 3.1524818897636586 40
1781600008325 3.3786237428212433 41
1781600008326 3.177197561552505 42
1781600008327 3.1585454585487214 43
1781600008329 2.952583354267855 44
1781600008330 2.975360742932961 45
1781600008331 2.9421644172971697 46
1781600008333 2.8942481977431975 47
1781600008334 2.872101487196929 48
1781600008335 2.783146550587752 49
1781600008337 2.854536919636925 50
1781600008338 2.7876928652382165 51
1781600008339 2.747001031429141 52
1781600008341 2.7341238680992537 53
1781600008342 2.704133068027163 54
1781600008343 2.753377636850338 55
1781600008345 2.7016952604797173 56
1781600008346 2.7247417380695524 57
1781600008347 2.6911432942109696 58
1781600008348 2.729606986370837 59
1781600008350 2.722854121417633 60
1781600008351 2.67421707426695 61
1781600008352 2.667099379283474 62
1781600008354 2.664756115322666 63
1781600008355 2.682407917829436 64
1781600008356 2.6753075062306344 65
1781600008358 2.6578916573879674 66
