1781599977816 20.650704984319376 0
1781599977817 14.532990657930148 1
1781599977819 12.521181565521712 2
1781599977820 12.556926271127558 3
1781599977821 10.559977210041792 4
1781599977823 9.622274604416786 5
1781599977824 9.792757688833403 6
1781599977826 9.23946883266483 7
1781599977827 9.979724744711401 8
1781599977828 9.9957248329781 9
1781599977830 8.94447176796981 10
1781599977831 7.48966586466904 11
1781599977833 6.705181922942819 12
1781599977835 6.357773451505574 13
1781599977836 6.589143654351575 14
1781599977837 6.22550683511438 15
1781599977839 6.197817489134967 16
1781599977840 6.067433116332145 17
1781599977841 5.744704830858317 18
1781599977843 6.126759573959062 19
1781599977844 5.896763453010043 20
1781599977845 5.738226352461454 21
1781599977846 5.912734966759739 22
1781599977848 5.821451991818245 23
1781599977849 4.791064719486948 24
1781599977850 4.6650868203880975 25
1781599977852 4.325069632608055 26
1781599977853 4.735564695336066 27
1781599977854 4.666114403320194 28
1781599977855 4.125238208252478 29
1781599977857 4.073855614401108 30
1781599977858 3.9653651071291027 31
1781599977859 3.8948653219912894 32
1781599977861 3.8435412729467564 33
1781599977862 3.6098232977275435 34
1781599977863 3.7714798002033554 35
1781599977864 3.568618182460116 36
1781599977866 3.691174573074094 37
1781599977867 3.541141534008563 38
1781599977868 3.3674399482571693 39
1781599977869 3.440532443196181 40
1781599977871 3.3892918803665637 41
1781599977872 3.3094483087747073 42
1781599977873 3.2883585784627605 43
1781599977875 3.211990520319065 44
1781599977876 3.2336826785469315 45
1781599977877 3.215652299437626 46
1781599977879 3.2038497340233505 47
1781599977880 3.2185499265466535 48
1781599977881 3.2292161064306595 49
1781599977882 3.1377585520257787 50
1781599977884 3.2102702563656935 51
1781599977885 3.153057007804463 52
1781599977886 3.203456883223111 53
1781599977888 3.14593116135033 54
1781599977889 3.013297000508731 55
1781599977890 3.023528986515975 56
1781599977892 3.0610080089602554 57
1781599977893 3.0956669225223896 58
1781599977894 3.0680175796391675 59
1781599977896 2.9960093588075813 60
1781599977897 2.9882402631730507 61
1781599977898 2.9641913979402936 62
1781599977899 2.907398131617532 63
1781599977901 2.9512261215656954 64
1781599977902 2.909786407030139 65
1781599977903 2.9331972405996645 66
1781599977905 2.9579890792439856 67
1781599977906 2.8814813234176637 68
1781599977907 2.8834364006968594 69
1781599977908 2.864396427682683 70
1781599977910 2.8877571306383674 71
1781599977911 2.858808676137466 72
1781599977912 2.8890332670272065 73
1781599977914 2.889915331341568 74
1781599977915 2.883534213606854 75
1781599977916 2.922125344630226 76
1781599977918 2.872803468435615 77
1781599977919 2.909432551478552 78
1781599977920 2.8889584671057706 79
1781599977921 2.8572929992044473 80
1781599977923 2.852961687425176 81
1781599977924 2.880163525184164 82
1781599977925 2.871419485939055 83
1781599977927 2.881145591372522 84
1781599977928 2.943383553611098 85
1781599977929 2.89745199253335 86
1781599977931 2.864739517939143 87
1781599977932 2.8520095062159116 88
1781599977933 2.9003895612875192 89
1781599977934 2.864517422808067 90
1781599977936 2.8732133060224445 91
1781599977937 2.8474181225452133 92
1781599977938 2.876588712958016 93
1781599977940 2.850285541075449 94
1781599977941 2.866320133901742 95
1781599977942 2.905391309570432 96
1781599977943 2.905222810501163 97
1781599977945 2.8704801151567314 98
1781599977946 2.8550789550427775 99
1781599977947 2.8835715289250587 100
1781599977949 2.8788589741639368 101
1781599977950 2.867442731699602 102
1781599977951 2.896805598997642 103
1781599977952 2.864834478496228 104
1781599977954 2.8767309918480017 105
1781599977955 2.901003829673865 106
1781599977956 2.881933343461259 107
1781599977957 2.870019063973158 108
1781599977959 2.851172201960072 109
1781599977960 2.8552430679476584 110
1781599977961 2.897515634734302 111
1781599977963 2.865058295811169 112
1781599977964 2.915143407176332 113
1781599977965 2.8651020511318603 114
1781599977967 2.8630222820518134 115
