1781600037819 20.57952698667155 0
1781600037821 14.741041407969885 1
1781600037822 13.079173609369724 2
1781600037823 11.189048541833937 3
1781600037825 10.685305115641217 4
1781600037826 10.643730391465569 5
1781600037827 12.493576308491107 6
1781600037829 9.395143041376278 7
1781600037830 9.891065298150972 8
1781600037831 9.280171355603338 9
1781600037833 8.750887359150731 10
1781600037834 8.886342610835449 11
1781600037835 7.434685027819081 12
1781600037837 7.385746004611357 13
1781600037838 7.439352110251354 14
1781600037839 7.776612321614755 15
1781600037841 8.344252963825781 16
1781600037842 7.1241435600623655 17
1781600037843 5.983464041127936 18
1781600037845 5.373354919631647 19
1781600037846 5.322422663073374 20
1781600037847 5.03488762575593 21
1781600037848 4.964298296967294 22
1781600037850 5.768859063521806 23
1781600037851 4.909999919393209 24
1781600037852 4.356242447982472 25
1781600037854 4.389819414937671 26
1781600037855 4.2182895792779345 27
1781600037856 4.315615033832419 28
1781600037858 4.104462042880728 29
1781600037859 4.039311117422747 30
1781600037860 3.98506441280866 31
1781600037862 3.9213143402081534 32
1781600037863 3.699295648027329 33
1781600037864 3.8913026302714435 34
1781600037865 3.7540803653434858 35
1781600037867 3.5774878293633927 36
1781600037868 3.5489557794751008 37
1781600037870 3.535013008087674 38
1781600037871 3.5492190895789317 39
1781600037873 3.559963532836255 40
1781600037874 3.536347840722166 41
1781600037876 3.471107487770577 42
1781600037877 3.424304738616666 43
1781600037879 3.414969096584017 44
1781600037880 3.405496099122857 45
1781600037882 3.4200603852582514 46
1781600037883 3.425378138836837 47
1781600037885 3.425975610894506 48
1781600037887 3.4124481725635682 49
1781600037888 3.3910143289138697 50
1781600037890 3.3766659874665192 51
1781600037891 3.380820562901579 52
1781600037893 3.4246679347202305 53
1781600037894 3.3686049304094157 54
1781600037896 3.3706246212504674 55
