1781599668188 20.009191475552612 0
1781599668189 17.91407852795258 1
1781599668191 17.38805582659606 2
1781599668192 16.14427828783775 3
1781599668194 15.575725374111936 4
1781599668195 14.62151709318514 5
1781599668196 15.026166457069214 6
1781599668198 13.633424466307414 7
1781599668199 13.113019298525575 8
1781599668200 12.762338228988343 9
1781599668201 12.152048951796036 10
1781599668203 12.323182471658022 11
1781599668204 11.562989794497424 12
1781599668205 11.557860314705158 13
1781599668207 10.995343016101366 14
1781599668208 11.07693685679006 15
1781599668209 10.373517032907637 16
1781599668210 10.57348485082566 17
1781599668212 10.169452135534922 18
1781599668213 9.89521509019513 19
1781599668214 9.890490596029897 20
1781599668216 9.776399921708672 21
1781599668217 9.440314564100333 22
1781599668218 9.286155886551269 23
1781599668219 9.122112249859244 24
1781599668221 8.823944756775939 25
1781599668222 8.966897470482207 26
1781599668223 8.750058709981346 27
1781599668225 8.642960686289246 28
1781599668226 8.414107397292888 29
1781599668227 8.452322746058574 30
1781599668229 8.227617490689767 31
1781599668230 8.136838567293186 32
1781599668231 8.124300447754894 33
1781599668232 8.030481945186805 34
1781599668234 7.772952039240817 35
1781599668235 7.744210392514452 36
1781599668236 7.744802455425473 37
1781599668237 7.818009135807184 38
1781599668239 7.426539541982007 39
1781599668240 7.399358345989798 40
1781599668241 7.383122970536925 41
1781599668243 7.345622532949967 42
1781599668244 7.350438743339333 43
1781599668245 7.157535436804227 44
1781599668246 6.905531062280914 45
1781599668248 6.86125888011717 46
1781599668249 6.995122740592365 47
1781599668250 6.82831693934953 48
1781599668252 6.756334711462995 49
1781599668253 6.637996494586637 50
1781599668254 6.5272778429620635 51
1781599668255 6.563275153315865 52
1781599668257 6.515139746031381 53
1781599668258 6.446615830450858 54
1781599668259 6.423130025214932 55
1781599668261 6.580399142643049 56
1781599668262 6.305732888916493 57
1781599668263 6.460711468427975 58
1781599668264 6.298706389125972 59
1781599668266 6.279676643981157 60
1781599668267 6.24762024766243 61
1781599668268 6.310574878456817 62
1781599668269 6.229726160294178 63
1781599668271 6.203821535206012 64
1781599668272 6.207140137590627 65
1781599668273 6.125289992237646 66
1781599668275 6.202857475062883 67
1781599668276 6.159366734734769 68
1781599668277 6.1559974922821565 69
1781599668278 6.203625898062753 70
1781599668280 6.147982808759387 71
1781599668281 6.138592518234956 72
1781599668282 6.137724991307696 73
1781599668284 6.135548336453784 74
1781599668285 6.136684052611554 75
1781599668286 6.136341730524048 76
1781599668287 6.1292985664836355 77
1781599668289 6.11949392048202 78
1781599668290 6.122372489382925 79
1781599668291 6.117344882725848 80
1781599668293 6.108868351675404 81
1781599668294 6.107722689406347 82
1781599668295 6.109155947464902 83
1781599668296 6.1115421236961485 84
1781599668297 6.116212896568638 85
1781599668299 6.1164558269613245 86
1781599668300 6.110421387019024 87
