1781599676337 19.56399958568819 0
1781599676339 17.239914974602087 1
1781599676341 15.962907395659101 2
1781599676343 14.867797971919869 3
1781599676345 14.104757086396443 4
1781599676347 13.32441068300205 5
1781599676349 13.221289473860388 6
1781599676351 12.615133476586166 7
1781599676353 11.806822136139392 8
1781599676355 11.61705222125026 9
1781599676356 11.028029307693494 10
1781599676358 11.207554873236933 11
1781599676360 10.7619823248858 12
1781599676362 10.548965804126828 13
1781599676364 9.980556071877695 14
1781599676366 9.912039889336919 15
1781599676368 9.640973731130563 16
1781599676370 9.608445660526991 17
1781599676372 9.3504207502042 18
1781599676374 9.000644923505757 19
1781599676376 9.007785253082847 20
1781599676378 9.071419735565852 21
1781599676380 8.806493863647475 22
1781599676382 8.587441410605713 23
1781599676384 8.405087095463399 24
1781599676386 8.192424947162209 25
1781599676387 8.130211781398907 26
1781599676389 8.103132996863776 27
1781599676391 8.050576031368037 28
1781599676393 7.869009012324135 29
1781599676395 7.951133170984985 30
1781599676397 7.81374541126329 31
1781599676399 7.811146865735506 32
1781599676401 7.822846836335649 33
1781599676403 7.876538309652456 34
1781599676405 7.51268024976654 35
1781599676407 7.497605003857875 36
1781599676408 7.4741320952786 37
1781599676410 7.365710117665773 38
1781599676412 7.467042701937484 39
1781599676414 7.36465117249024 40
1781599676416 7.304371080440913 41
1781599676418 7.51320694110894 42
1781599676420 7.248481500871025 43
1781599676422 7.25344776743273 44
1781599676424 7.2087337193271335 45
1781599676426 7.212781347867541 46
1781599676428 7.1536458502395135 47
1781599676430 7.1174670650081335 48
1781599676432 7.174465097376746 49
1781599676434 7.12504022318509 50
1781599676436 7.132709562832094 51
1781599676438 7.1245290612134164 52
1781599676440 7.104883034685774 53
1781599676442 7.077232399555965 54
1781599676444 7.097170603016869 55
1781599676446 7.07748067196715 56
1781599676448 7.058797672902293 57
1781599676451 7.0702881844818055 58
1781599676453 7.075005501299156 59
1781599676455 7.071955848320606 60
1781599676457 7.057529280149949 61
1781599676459 7.057301619749524 62
1781599676461 7.0628701953900626 63
1781599676462 7.061909217234745 64
1781599676464 7.066644183351109 65
1781599676466 7.069118728898312 66
1781599676468 7.073410150048232 67
1781599676470 7.068405719508597 68
