1781599597478 23.137449355662522 0
1781599597480 20.87960401296364 1
1781599597481 19.31453465141622 2
1781599597482 17.856289917664775 3
1781599597484 15.813493276800768 4
1781599597485 14.859340682857585 5
1781599597486 14.334868988581913 6
1781599597488 13.462443115070958 7
1781599597489 13.120346694209415 8
1781599597490 12.997090743673123 9
1781599597492 12.55260712769997 10
1781599597493 12.333844378892614 11
1781599597494 12.490003996067456 12
1781599597496 12.0065388612038 13
1781599597497 11.648862492049073 14
1781599597498 11.700408101171458 15
1781599597499 11.67308169438188 16
1781599597501 11.544952353857022 17
1781599597502 11.168083631358558 18
1781599597503 10.92635268156835 19
1781599597505 11.069896444047393 20
1781599597506 10.847334507132949 21
1781599597507 10.737183144104483 22
1781599597509 10.637730333531591 23
1781599597510 10.788479210581547 24
1781599597511 10.269067918952937 25
1781599597513 10.014795760861238 26
1781599597514 9.954160976371421 27
1781599597516 9.793715877554437 28
1781599597517 9.715747395704804 29
1781599597518 9.593198386289913 30
1781599597519 9.380913706328666 31
1781599597521 9.211202999417543 32
1781599597522 9.390310376880104 33
1781599597523 9.10281644122991 34
1781599597525 9.134378922463087 35
1781599597526 9.004057859508864 36
1781599597527 9.155107097624622 37
1781599597529 8.641598485187084 38
1781599597530 8.704052073086475 39
1781599597531 8.48103866099067 40
1781599597533 8.449333082062711 41
1781599597534 8.550171829813353 42
1781599597535 8.372226650249468 43
1781599597537 8.316800770933984 44
1781599597539 8.378662585353695 45
1781599597540 8.263622232004694 46
1781599597542 8.344288985992426 47
1781599597543 8.356508001287228 48
1781599597545 8.12213461213689 49
1781599597547 8.253496185592844 50
1781599597548 8.060454437097912 51
1781599597550 8.133897747170352 52
1781599597551 8.086302244882344 53
1781599597552 8.068610596089773 54
1781599597554 7.998565236974985 55
1781599597555 7.992334469921639 56
1781599597557 8.000596307868225 57
1781599597558 8.068868719970524 58
1781599597559 8.00697731208831 59
1781599597561 7.994677955710543 60
1781599597562 7.991285503264542 61
1781599597563 7.998858560197365 62
1781599597565 7.989137790825191 63
1781599597566 7.968665004595383 64
1781599597567 8.000553187816328 65
1781599597568 7.974742380283935 66
1781599597570 7.979687728825009 67
1781599597571 7.961378032456008 68
1781599597572 7.974569886678694 69
1781599597574 7.992984562667917 70
1781599597575 7.95960956555711 71
