1781599566099 21.858273287762064 0
1781599566101 19.067661372717343 1
1781599566103 17.582715928597732 2
1781599566105 15.891674487908958 3
1781599566106 14.683623656410964 4
1781599566109 14.253641303158822 5
1781599566111 13.24647589284094 6
1781599566113 12.75337561671161 7
1781599566115 12.238461153977633 8
1781599566117 12.166115947422188 9
1781599566119 11.757421046772942 10
1781599566120 11.441443002989644 11
1781599566122 11.102116332198985 12
1781599566123 10.828406238067883 13
1781599566126 10.52588977552604 14
1781599566128 10.45436621534014 15
1781599566130 10.31015745123513 16
1781599566132 10.180985119721859 17
1781599566134 9.982673444745723 18
1781599566136 9.76536775830638 19
1781599566138 9.604851953234004 20
1781599566140 9.370531997404122 21
1781599566142 9.25453713033881 22
1781599566144 9.127142020514672 23
1781599566146 9.46922811432176 24
1781599566148 9.012689810188911 25
1781599566150 8.722552923775565 26
1781599566152 8.550117691383079 27
1781599566154 8.443676755272545 28
1781599566156 8.302656902371606 29
1781599566158 8.218696540512804 30
1781599566160 8.139989299229047 31
1781599566162 7.937788314213326 32
1781599566165 8.04217167846764 33
1781599566168 7.748879444376615 34
1781599566171 7.842070384122568 35
1781599566173 7.730149575255529 36
1781599566175 7.475190650256318 37
1781599566177 7.467474166688884 38
1781599566179 7.224816240402348 39
1781599566181 7.145630042705162 40
1781599566183 7.126257453423822 41
1781599566185 6.942591660707559 42
1781599566187 6.933529892664138 43
1781599566189 6.818199267813697 44
1781599566191 6.85716787107051 45
1781599566193 6.692627014782633 46
1781599566195 6.6169718721051884 47
1781599566197 6.6432548851341835 48
1781599566199 6.416550406747172 49
1781599566201 6.310012020777883 50
1781599566202 6.256359500058717 51
1781599566204 6.225981903648502 52
1781599566206 6.212195348402472 53
1781599566208 6.159943627086163 54
1781599566210 6.134537411056715 55
1781599566212 6.101120533267487 56
1781599566214 6.138157446621781 57
1781599566216 6.086963979617973 58
1781599566218 6.072631976444644 59
1781599566219 6.073074987111707 60
1781599566221 6.050283995656636 61
1781599566223 6.037943010557095 62
1781599566225 6.009886930447245 63
1781599566227 6.022643898618065 64
1781599566229 6.024591759740618 65
1781599566231 5.990921228335974 66
1781599566233 5.985631583700288 67
1781599566235 6.0127664337859175 68
1781599566236 5.996924371595089 69
1781599566238 5.991347452383207 70
1781599566240 5.986226631921569 71
1781599566242 5.982788881726629 72
1781599566245 5.987638449849695 73
