1781599544497 18.02496721668047 0
1781599544498 15.371010663959916 1
1781599544500 13.699254987514124 2
1781599544501 13.15073207766595 3
1781599544502 12.340259337210732 4
1781599544503 11.905617562487986 5
1781599544505 11.407869239810434 6
1781599544506 11.16776718821507 7
1781599544508 10.92740115366415 8
1781599544509 10.61589220836876 9
1781599544510 10.20923379256336 10
1781599544512 9.736464355958455 11
1781599544513 9.439245246247216 12
1781599544514 9.27102998015912 13
1781599544516 9.747173798211355 14
1781599544517 9.052481529967224 15
1781599544518 8.783288065293887 16
1781599544520 8.456595332685783 17
1781599544521 8.237950514942472 18
1781599544522 8.247756286356609 19
1781599544523 8.07779290043442 20
1781599544525 7.747864890091992 21
1781599544526 7.392306945930457 22
1781599544527 7.196468644722745 23
1781599544529 7.201562866464243 24
1781599544530 6.935122230543095 25
1781599544531 6.909723964976982 26
1781599544533 6.735592555959169 27
1781599544534 6.355887010649701 28
1781599544535 6.219781078151917 29
1781599544537 6.224005015990909 30
1781599544538 6.072466095579589 31
1781599544539 6.041295294946573 32
1781599544540 5.920155600864537 33
1781599544542 5.902138136816232 34
1781599544543 5.957036794795139 35
1781599544544 5.888364311058593 36
1781599544546 5.802179717075752 37
1781599544547 5.72598932124656 38
1781599544549 5.690608695699247 39
1781599544550 5.718058003485552 40
1781599544551 5.675877232577782 41
1781599544553 5.681084779328777 42
1781599544554 5.643275166441695 43
1781599544555 5.622296722617535 44
1781599544557 5.6096455017795535 45
1781599544558 5.594254151323227 46
1781599544559 5.623890979545179 47
1781599544560 5.586266861816357 48
1781599544562 5.570177184093105 49
1781599544563 5.584005505296429 50
1781599544564 5.571204577822297 51
1781599544565 5.574022790507292 52
