1781599580798 13.555046316400663 0
1781599580800 10.549766096829158 1
1781599580801 9.908472532491128 2
1781599580802 8.567765037270094 3
1781599580803 7.9543056185243115 4
1781599580805 6.880104692373719 5
1781599580806 5.637274378077523 6
1781599580807 5.664691973486591 7
1781599580808 5.096441602084996 8
1781599580810 4.839813385994145 9
1781599580811 4.27499802367851 10
1781599580812 4.016804673193619 11
1781599580813 4.276594378492263 12
1781599580815 3.6743967316842423 13
1781599580816 3.6251091802299302 14
1781599580817 3.4668965704112216 15
1781599580819 2.7597096848059883 16
1781599580820 2.672703253159567 17
1781599580821 2.7879764495341233 18
1781599580822 1.7377218361902325 19
1781599580823 1.3251257804180285 20
1781599580825 1.1038363397912132 21
1781599580826 1.094797092357427 22
1781599580827 1.0382432238470627 23
1781599580828 0.9284081032401236 24
1781599580830 1.0047071916923969 25
1781599580831 0.9748834171462699 26
1781599580832 0.9396783501600963 27
1781599580833 0.9636768177063668 28
1781599580835 0.7468601947844574 29
1781599580836 0.6709035154247918 30
1781599580837 0.6702949539668256 31
1781599580838 0.6015026997245155 32
1781599580840 0.5896853361009552 33
1781599580841 0.5071319569640176 34
1781599580842 0.5234803756799193 35
1781599580843 0.5370969939211382 36
1781599580845 0.5506885080247816 37
1781599580846 0.49309991045582874 38
1781599580847 0.5361727621089519 39
1781599580848 0.5082753293367965 40
1781599580849 0.5487007899064698 41
1781599580851 0.5802773669484923 42
1781599580852 0.4313876885823955 43
1781599580854 0.41838673646942875 44
1781599580855 0.44375259370037423 45
1781599580856 0.48718161053758885 46
1781599580857 0.462901421007488 47
1781599580859 0.40724803708495594 48
1781599580860 0.395552759904468 49
1781599580861 0.4094472963389888 50
1781599580862 0.39297532416773345 51
1781599580864 0.43126476301253036 52
1781599580865 0.37625711473596196 53
1781599580866 0.3708859361314217 54
1781599580867 0.37926335913836906 55
1781599580868 0.38339439269610254 56
1781599580870 0.3711257317176433 57
1781599580871 0.367368659647108 58
1781599580872 0.3642194229883238 59
1781599580873 0.3631273850055465 60
1781599580875 0.3639112087919274 61
1781599580876 0.3815153102996516 62
1781599580877 0.36579548451943394 63
1781599580878 0.3610771498672257 64
1781599580880 0.3632410072593677 65
1781599580881 0.36039213589065155 66
1781599580882 0.366676522261079 67
