1781599655012 18.450115439484982 0
1781599655014 14.563476382358347 1
1781599655015 13.540936084160776 2
1781599655016 12.46203426308738 3
1781599655018 12.125146608882451 4
1781599655019 11.416388081656857 5
1781599655020 11.137099871832064 6
1781599655022 10.826413970681573 7
1781599655023 10.391308774996592 8
1781599655024 10.336884847208413 9
1781599655025 9.905842876965451 10
1781599655027 9.808740155310188 11
1781599655028 9.412870574081719 12
1781599655029 9.25634490204005 13
1781599655030 9.313162401320975 14
1781599655031 8.9948553904252 15
1781599655033 8.881801859436633 16
1781599655034 8.714550232704667 17
1781599655035 8.457692922359932 18
1781599655036 8.334036803968258 19
1781599655038 8.21792454618473 20
1781599655039 8.154630037892858 21
1781599655040 8.435672627953855 22
1781599655041 7.747211984308351 23
1781599655043 7.74374583127539 24
1781599655044 7.543941287368415 25
1781599655045 7.59375402198014 26
1781599655047 7.347971700431602 27
1781599655048 7.401879062799978 28
1781599655049 7.460063573555111 29
1781599655050 7.148609580100396 30
1781599655052 6.913790000870279 31
1781599655053 6.795701661739652 32
1781599655054 6.800498874203176 33
1781599655055 6.623102334697217 34
1781599655057 6.785784658487828 35
1781599655058 6.502908206878444 36
1781599655059 6.489528202521547 37
1781599655060 6.551725871395135 38
1781599655062 6.280042546897083 39
1781599655063 6.209861498019807 40
1781599655064 6.2432350295931665 41
1781599655065 6.136748145252248 42
1781599655067 6.169108097452383 43
1781599655068 6.106750284468238 44
1781599655069 6.037812934917486 45
1781599655070 6.041024927597621 46
1781599655071 6.051087925514329 47
1781599655073 5.998871784808278 48
1781599655074 5.997804892697475 49
1781599655075 5.920596441924554 50
1781599655077 5.901371258178935 51
1781599655078 5.888709337875323 52
1781599655079 5.912454360884566 53
1781599655081 5.9181317679722705 54
1781599655082 5.86665510029179 55
1781599655083 5.857569833256333 56
1781599655084 5.801157067312998 57
1781599655086 5.841233359387917 58
1781599655087 5.810977218255704 59
1781599655088 5.777632461986722 60
1781599655089 5.810464100624543 61
1781599655091 5.833961767721903 62
1781599655092 5.832681180789475 63
1781599655093 5.775236067345206 64
1781599655094 5.822290867009917 65
1781599655096 5.796024946040492 66
1781599655097 5.80198727241951 67
1781599655098 5.7508747391428425 68
1781599655100 5.747900353826655 69
1781599655101 5.792421877405915 70
1781599655102 5.832512029612744 71
