1781599617456 19.373062007143037 0
1781599617457 15.687585011565355 1
1781599617459 13.953719477007304 2
1781599617460 12.903295714924651 3
1781599617461 11.339059492207687 4
1781599617463 10.94358423028423 5
1781599617464 10.04305497194404 6
1781599617466 10.53955438773847 7
1781599617467 9.107461060454629 8
1781599617468 8.482809535825636 9
1781599617470 7.660650293649458 10
1781599617471 7.241935477825352 11
1781599617472 7.402970687620831 12
1781599617474 6.468245740983362 13
1781599617475 6.1755800581490545 14
1781599617476 6.429520363974027 15
1781599617477 5.77984950095802 16
1781599617479 5.065390708991835 17
1781599617480 4.798214009579112 18
1781599617481 4.344915648641667 19
1781599617483 4.327098478566127 20
1781599617484 3.927030761383416 21
1781599617486 4.161474797668614 22
1781599617487 3.633543280102251 23
1781599617488 3.5440563114677017 24
1781599617490 3.4034056731404276 25
1781599617491 3.3119307512459484 26
1781599617492 3.237097818418875 27
1781599617494 3.1686043499743985 28
1781599617495 3.257689078063829 29
1781599617496 3.0857557365002597 30
1781599617497 3.021166672338024 31
1781599617499 2.9953165063526987 32
1781599617500 2.9563125118282567 33
1781599617501 2.919095276365335 34
1781599617502 2.899600696562387 35
1781599617504 2.892076992172628 36
1781599617505 2.906637877758561 37
1781599617506 2.8502809407532834 38
1781599617507 2.8399773659408054 39
1781599617509 2.8439555986982135 40
1781599617510 2.8172084519097735 41
1781599617511 2.809020011476366 42
1781599617513 2.831967774835245 43
