1781599721057 21.740367671115486 0
1781599721058 15.414423206941267 1
1781599721059 12.354531290740702 2
1781599721060 10.936783727601702 3
1781599721062 9.877958532879234 4
1781599721063 9.448485617733516 5
1781599721064 8.403940518191252 6
1781599721066 7.981418076552194 7
1781599721067 7.691675973163588 8
1781599721068 7.115959223477553 9
1781599721069 6.931614126608274 10
1781599721071 6.600416352462085 11
1781599721072 6.317408722318326 12
1781599721073 6.077527559948685 13
1781599721075 5.89885530624959 14
1781599721076 5.765027345481986 15
1781599721077 5.7046841379125635 16
1781599721078 5.285878794869077 17
1781599721080 5.306291527970651 18
1781599721081 5.145045381087732 19
1781599721082 5.175802849122049 20
1781599721084 5.0717156804935435 21
1781599721085 5.152348112515706 22
1781599721086 4.895029579232009 23
1781599721088 4.335097876857407 24
1781599721089 4.366961275534808 25
1781599721090 4.215412648074505 26
1781599721092 3.9385550073679547 27
1781599721093 3.859348033179344 28
1781599721094 3.802121543653606 29
1781599721096 3.884063199981596 30
1781599721097 3.7293123400261217 31
1781599721098 3.918563034332384 32
1781599721100 3.7746121152303336 33
1781599721101 3.5735790632853233 34
1781599721102 3.7208785938988695 35
1781599721103 3.5860942106991853 36
1781599721105 3.5043691709806133 37
1781599721106 3.5030368585790996 38
1781599721107 3.1815329667321763 39
1781599721108 3.2087091439865953 40
1781599721110 3.1825925843704557 41
1781599721111 3.1826465099642127 42
1781599721112 3.133462504713283 43
1781599721114 2.9915850272454754 44
1781599721115 3.114547356567355 45
1781599721116 3.0283464453122546 46
1781599721117 3.0709972192979738 47
1781599721119 2.902801010280827 48
1781599721120 2.9423379372533245 49
1781599721121 2.8731898799053037 50
1781599721122 3.0037307460900333 51
1781599721124 2.926539015339876 52
1781599721125 2.803353507465374 53
1781599721127 2.990486626537301 54
1781599721128 2.882436871022543 55
1781599721129 2.8643820773123623 56
1781599721131 2.9213307358918597 57
1781599721132 2.7893167746891567 58
1781599721133 2.8254542677942243 59
1781599721135 2.7776328618719157 60
1781599721136 2.76323949070054 61
1781599721137 2.8767528660715835 62
1781599721138 2.8026973383136324 63
1781599721140 2.7266439627970267 64
1781599721141 2.7181220125676226 65
1781599721142 2.7143156141891804 66
1781599721143 2.727866907943297 67
1781599721145 2.7720305669013285 68
1781599721146 2.6887467965926355 69
1781599721147 2.685716288323376 70
1781599721149 2.6531597761801566 71
1781599721150 2.6518303500721965 72
1781599721151 2.6488675034417666 73
1781599721152 2.641102477944128 74
1781599721154 2.6194152560016235 75
1781599721155 2.6836826600758372 76
1781599721156 2.6102637332815335 77
1781599721158 2.6668483837307457 78
1781599721159 2.695636221440443 79
1781599721160 2.6662563877515075 80
1781599721161 2.690004088741786 81
1781599721163 2.684122922597101 82
1781599721164 2.6265319364371016 83
1781599721165 2.6297471169697486 84
1781599721167 2.623546762288347 85
1781599721168 2.609536380137243 86
1781599721169 2.5780989347842493 87
1781599721170 2.6200486015252693 88
1781599721172 2.5747678157578755 89
1781599721173 2.6239555660619147 90
1781599721174 2.661487655554439 91
1781599721176 2.646207389486464 92
1781599721177 2.6334822442313035 93
1781599721178 2.6081290170969886 94
1781599721179 2.593893807312853 95
1781599721181 2.6043743557681887 96
1781599721182 2.6740175907948807 97
1781599721183 2.6398618948838286 98
