1781599742963 24.54633112153476 0
1781599742964 20.705815315128234 1
1781599742965 18.344549834024985 2
1781599742967 17.084453523124065 3
1781599742968 16.10784147806222 4
1781599742969 15.393746032552555 5
1781599742971 14.836113339206921 6
1781599742972 14.307534821861084 7
1781599742973 14.029698697405028 8
1781599742975 13.518425218332617 9
1781599742976 13.140404338505235 10
1781599742977 12.834714010238843 11
1781599742979 12.497594650175339 12
1781599742980 12.211433128413123 13
1781599742981 12.045320387525638 14
1781599742983 11.695113145029927 15
1781599742984 11.528736167142338 16
1781599742985 11.325604944491696 17
1781599742986 11.152815936883522 18
1781599742988 10.932712300798054 19
1781599742989 10.769404291045268 20
1781599742990 10.570144661372664 21
1781599742991 10.432175139890312 22
1781599742993 10.174268460584772 23
1781599742994 10.058296341824411 24
1781599742995 9.819554962132312 25
1781599742997 9.787769334777094 26
1781599742998 9.662335389363584 27
1781599742999 9.528467137118238 28
1781599743000 9.4203128737251 29
1781599743002 9.285024609987873 30
1781599743003 9.12591570700871 31
1781599743004 9.148278628296664 32
1781599743006 9.019336475121248 33
1781599743007 8.853831849189122 34
1781599743008 8.783286153918343 35
1781599743010 8.645627929014996 36
1781599743011 8.684368125129106 37
1781599743012 8.556037460528584 38
1781599743014 8.478697681524872 39
1781599743015 8.358693680953987 40
1781599743016 8.255083155027695 41
1781599743017 8.059535927109742 42
1781599743019 8.14464906496765 43
1781599743020 7.967988490943136 44
1781599743021 7.987164595278425 45
1781599743023 7.918521699704553 46
1781599743024 7.812121724863469 47
1781599743025 7.652744244774196 48
1781599743027 7.621392089557642 49
1781599743028 7.638857866178219 50
1781599743029 7.561237726521937 51
1781599743031 7.498287714058671 52
1781599743032 7.368513313314591 53
1781599743034 7.274855502641921 54
1781599743035 7.241918556890548 55
1781599743036 7.221804713174667 56
1781599743037 7.110942169112631 57
1781599743039 7.144244155913905 58
1781599743040 7.077275285517805 59
1781599743041 6.941133824293456 60
1781599743043 7.010718297962964 61
1781599743044 6.925202579405108 62
1781599743045 6.806474098143847 63
1781599743047 6.770493314344521 64
1781599743048 6.745366393507593 65
1781599743049 6.682273186849377 66
1781599743051 6.652232895234669 67
1781599743052 6.589910175179376 68
1781599743053 6.576324503426749 69
1781599743054 6.540679553156281 70
1781599743056 6.502448731278214 71
1781599743057 6.489156574513958 72
1781599743058 6.488283210810741 73
1781599743060 6.417457338671538 74
1781599743061 6.383326284867061 75
1781599743063 6.386593466573739 76
1781599743064 6.395916613260573 77
1781599743065 6.345241181814893 78
1781599743067 6.386181372141143 79
1781599743068 6.3009291410367565 80
1781599743069 6.214260234479791 81
1781599743071 6.204641728219064 82
1781599743072 6.205988665481002 83
1781599743073 6.220114005289059 84
1781599743075 6.191769791954077 85
1781599743076 6.20732949064533 86
1781599743077 6.190928648377933 87
1781599743079 6.134106913692898 88
1781599743080 6.126853562450866 89
1781599743081 6.076227299893995 90
1781599743083 6.077448184327696 91
1781599743084 6.101774852553074 92
1781599743086 6.101093091322473 93
1781599743088 6.11129387686635 94
1781599743089 6.097961846644056 95
1781599743090 6.071228956535003 96
1781599743092 6.059813130184008 97
1781599743093 6.048888361146662 98
1781599743094 6.043764939462302 99
1781599743096 6.0445307094892256 100
1781599743097 6.038070170924119 101
1781599743099 6.014116193911433 102
1781599743100 6.010555718519007 103
1781599743101 6.0129837983684 104
1781599743103 6.023667570730049 105
1781599743104 6.0250253382447365 106
1781599743105 5.997859609850555 107
1781599743107 6.002594282285898 108
1781599743108 6.003165027495911 109
1781599743109 5.998031548338283 110
1781599743111 5.974155779597391 111
1781599743112 6.001260909488545 112
1781599743113 5.996869720273283 113
1781599743115 5.998557456510704 114
1781599743116 6.011303579652269 115
1781599743117 6.0002604223129525 116
1781599743119 5.9812428442288486 117
1781599743120 5.984753991704875 118
1781599743121 6.0076302758950835 119
1781599743123 5.986521974012316 120
1781599743124 5.993040919180345 121
1781599743125 5.973704790691324 122
1781599743127 5.981363596228979 123
1781599743128 5.975559127477005 124
1781599743129 5.97906706492842 125
1781599743131 5.971795315734613 126
1781599743132 5.963878803063392 127
1781599743133 5.976294252959704 128
1781599743135 6.003823383748353 129
1781599743136 5.977840120955297 130
1781599743137 5.982578272348543 131
1781599743139 5.971212721539514 132
1781599743140 5.983327376536667 133
1781599743141 5.98234341318693 134
1781599743143 5.9777254008801615 135
1781599743144 5.970062522474224 136
1781599743145 5.987218939207606 137
1781599743146 5.9990358074646055 138
1781599743148 5.981523163021443 139
