1781599856841 15.748864378749275 0
1781599856843 12.781791140940484 1
1781599856845 11.572450495795048 2
1781599856847 10.781023396239307 3
1781599856848 9.869158840652355 4
1781599856850 9.227260406266026 5
1781599856851 8.594242390141513 6
1781599856852 8.313560437609178 7
1781599856854 7.639745940449888 8
1781599856855 7.826587158980715 9
1781599856856 7.2129114558057275 10
1781599856858 7.163170187521772 11
1781599856859 7.033114299780613 12
1781599856860 6.625159117729529 13
1781599856862 6.286220305100749 14
1781599856863 6.200682911662825 15
1781599856864 5.863248226437669 16
1781599856865 5.667103843466147 17
1781599856867 5.443971768267304 18
1781599856868 6.259403891633668 19
1781599856869 5.411857598764344 20
1781599856871 5.1586881373245825 21
1781599856872 5.982987923792039 22
1781599856873 5.113902736042309 23
1781599856874 5.302141571191687 24
1781599856876 4.98951120187034 25
1781599856877 5.117857950134174 26
1781599856878 4.928874451037235 27
1781599856879 4.8953163152250845 28
1781599856881 4.496206209394986 29
1781599856882 4.377152027726037 30
1781599856883 4.419369593335854 31
1781599856884 4.454852670201924 32
1781599856886 4.374913837283761 33
1781599856887 4.454966067781551 34
1781599856888 3.9640659776534948 35
1781599856890 3.8413649436181876 36
1781599856891 3.661682296216505 37
1781599856892 3.6453370145501296 38
1781599856894 3.770484265263919 39
1781599856895 3.6576854914587806 40
1781599856897 3.8056900413236296 41
1781599856898 3.6919936687050257 42
1781599856899 3.410066346727209 43
1781599856900 3.4012689748962024 44
1781599856902 3.3450035008294243 45
1781599856903 3.5178842017252068 46
1781599856904 3.434059919538204 47
1781599856905 3.1327588369862873 48
1781599856907 3.3818126212783204 49
1781599856908 3.1658166547800444 50
1781599856909 3.1934619839154315 51
1781599856911 3.2613207402058273 52
1781599856912 3.0451394480111516 53
1781599856913 3.1633269772884094 54
1781599856915 2.9962977156164903 55
1781599856916 2.9216044789378173 56
1781599856917 3.1574023769266977 57
1781599856918 2.8387278232007866 58
1781599856920 2.9804458874538704 59
1781599856921 2.928052283170147 60
1781599856922 2.7452186539472243 61
1781599856923 2.8902710194001395 62
1781599856925 2.8877117742064407 63
1781599856926 2.977898848181077 64
1781599856928 2.7839466398798245 65
1781599856929 2.769401627223071 66
1781599856930 2.8517277395124476 67
1781599856931 2.8296626929979922 68
1781599856933 2.851180665617711 69
1781599856934 2.820993372629224 70
1781599856935 2.906379710097646 71
1781599856937 2.793575001659696 72
1781599856938 2.9177081251423362 73
1781599856939 2.853477606488838 74
1781599856940 2.724542394886933 75
1781599856942 2.9642439559694185 76
1781599856943 2.7908716269698335 77
1781599856944 2.953766709294784 78
1781599856945 2.6914128608937737 79
1781599856947 2.74971058623415 80
1781599856948 2.895261349274793 81
1781599856949 2.8001812450662182 82
1781599856950 2.777688675198349 83
1781599856952 2.8351265821234652 84
1781599856953 3.0447904367741523 85
1781599856954 2.9495532687614356 86
1781599856955 2.7407031806403874 87
1781599856957 2.8147956198712367 88
1781599856958 2.605030049251675 89
1781599856959 2.706895300389402 90
1781599856961 2.795981605507037 91
1781599856962 2.6895477519901343 92
1781599856963 2.863016975938361 93
1781599856964 2.713801788936898 94
1781599856966 2.902804937770185 95
1781599856967 2.8571227125425174 96
1781599856968 2.898576735866033 97
1781599856969 2.81694459919797 98
1781599856971 2.772444704676366 99
1781599856972 2.773690017671604 100
1781599856973 2.820587252189604 101
1781599856975 2.936857150936713 102
1781599856976 2.6433217372002464 103
1781599856977 2.661313490150107 104
1781599856978 2.807532678204094 105
1781599856980 2.925780901367211 106
1781599856981 2.97081097174118 107
1781599856982 2.7554544155184275 108
1781599856984 2.783167890920696 109
1781599856985 2.754416078184599 110
1781599856986 2.856392336672689 111
1781599856987 2.8266677020013184 112
1781599856989 3.0139681459656575 113
1781599856990 2.68287515335396 114
1781599856991 2.783046078719335 115
1781599856993 2.9340915257370876 116
1781599856994 2.9073093996605595 117
1781599856995 2.8147018625306957 118
1781599856996 2.682079297050232 119
1781599856998 2.7408822897676886 120
1781599856999 2.698171767027231 121
1781599857000 2.745078130786898 122
1781599857001 2.8316619031799166 123
1781599857003 2.787072480979557 124
1781599857004 2.7734044051832085 125
1781599857006 2.9137516422313015 126
1781599857008 2.748145733904741 127
1781599857009 2.620629252659799 128
1781599857011 2.697010556052003 129
1781599857012 2.9016525858748 130
1781599857013 2.7937932845273243 131
1781599857015 2.780436133003527 132
1781599857016 2.6459568085314085 133
1781599857017 2.8897838685799466 134
1781599857019 2.767435017273689 135
1781599857021 2.58451923826631 136
1781599857023 2.7288077510633433 137
1781599857025 2.850332826555558 138
1781599857027 2.7517987090345963 139
