1781599827560 15.62977191398728 0
1781599827561 13.062449772987538 1
1781599827562 12.039995857714839 2
1781599827564 11.257385734282515 3
1781599827565 10.55725374738227 4
1781599827566 9.825405339134301 5
1781599827568 9.439498943837757 6
1781599827569 9.311171015025787 7
1781599827570 9.33864037087837 8
1781599827572 8.78774167601971 9
1781599827573 8.393816037442194 10
1781599827574 8.006694397830552 11
1781599827576 7.7940088423367415 12
1781599827577 7.651349142591149 13
1781599827578 7.443013349278477 14
1781599827580 7.173378303495992 15
1781599827581 7.026460008516349 16
1781599827582 6.910283763925505 17
1781599827584 7.021520325334425 18
1781599827585 6.542769846891824 19
1781599827586 6.500473235949422 20
1781599827587 6.293140100041722 21
1781599827589 6.477208412081106 22
1781599827590 6.237960956509798 23
1781599827591 6.089453125152184 24
1781599827592 6.04812163793888 25
1781599827594 5.900548891463553 26
1781599827595 5.547137430211154 27
1781599827596 5.446371413731286 28
1781599827597 5.1927714090249975 29
1781599827599 5.287937289328788 30
1781599827600 5.163918608731841 31
1781599827601 5.165503249453675 32
1781599827603 5.093674678470661 33
1781599827604 4.983362078637559 34
1781599827605 4.944087214279745 35
1781599827606 4.979868983309778 36
1781599827608 4.805074018474775 37
1781599827609 4.683050160206136 38
1781599827610 4.648193578283046 39
1781599827612 4.66378855224211 40
1781599827613 4.599507539160277 41
1781599827614 4.545638194951693 42
1781599827615 4.6030656859916705 43
1781599827617 4.473482552375529 44
1781599827618 4.46527012577596 45
1781599827619 4.417019896884654 46
1781599827621 4.37803519752498 47
1781599827622 4.424951926517548 48
1781599827623 4.366926115393497 49
1781599827624 4.370907686723394 50
1781599827626 4.3155459199835375 51
1781599827627 4.296380447704422 52
1781599827628 4.233495148844383 53
1781599827630 4.240662092689027 54
1781599827631 4.302885743512476 55
1781599827632 4.276460082795738 56
1781599827634 4.197940495418454 57
1781599827635 4.206129470596733 58
1781599827636 4.180653498319999 59
1781599827637 4.167256613016961 60
1781599827639 4.117628985871474 61
1781599827640 4.1378144151517136 62
1781599827642 4.114813435720702 63
1781599827643 4.102368510239234 64
1781599827644 4.067102178465591 65
1781599827645 4.1122049075477936 66
1781599827647 4.06606341856628 67
1781599827648 4.052958049203437 68
1781599827649 4.033470082963852 69
1781599827651 4.048483460845601 70
1781599827652 4.02723392918557 71
1781599827653 4.019468871669131 72
1781599827655 4.01229609573112 73
1781599827656 4.01365874886169 74
1781599827657 4.019354770090139 75
1781599827658 4.016501054445037 76
1781599827660 4.011963388079332 77
1781599827661 4.017463708916242 78
1781599827662 4.008762024357907 79
1781599827663 4.0130345456046 80
1781599827665 4.007781285760928 81
1781599827666 4.0070920366123275 82
1781599827667 4.0073250101421465 83
1781599827669 4.00760967362512 84
1781599827670 4.006487210281242 85
1781599827671 4.0035707071294455 86
