1781599944675 22.27226832863765 0
1781599944676 18.38929153925403 1
1781599944678 15.186065698370022 2
1781599944680 12.261235906424961 3
1781599944681 11.184164830455805 4
1781599944682 10.907596659264641 5
1781599944684 10.977220161060972 6
1781599944685 10.001411452645822 7
1781599944686 9.38275108073566 8
1781599944688 9.072457664285128 9
1781599944689 9.506637422169401 10
1781599944690 9.095219786573207 11
1781599944692 7.932219073642965 12
1781599944693 8.034345207034981 13
1781599944694 7.8909440734427045 14
1781599944696 7.5073814367435805 15
1781599944697 7.443204902449459 16
1781599944698 7.4032950739143235 17
1781599944700 7.4340442249944765 18
1781599944701 7.379537363726134 19
1781599944702 6.795236117620589 20
1781599944704 6.693938432673814 21
1781599944705 8.321232740070249 22
1781599944706 6.142886680868202 23
1781599944708 6.406346629447221 24
1781599944709 6.170822305649517 25
1781599944710 6.256554625716213 26
1781599944712 5.543886603165194 27
1781599944713 5.221005321115404 28
1781599944714 5.037287579831585 29
1781599944715 5.045218652616373 30
1781599944717 4.827139626792835 31
1781599944718 4.91061627085333 32
1781599944719 4.6033110929511265 33
1781599944720 4.499587661041838 34
1781599944722 4.405140173789293 35
1781599944723 4.35974928703707 36
1781599944724 4.337370615970258 37
1781599944726 4.234096303812559 38
1781599944727 4.177816608460972 39
1781599944729 4.155541875353843 40
1781599944731 4.0683769059313315 41
1781599944732 4.088039152061298 42
1781599944733 4.049508224489356 43
1781599944735 3.98811660214292 44
1781599944736 3.930983965005426 45
1781599944737 3.9640725977278106 46
1781599944738 3.9184397744469814 47
1781599944740 3.941108883869917 48
1781599944741 3.8965369580662332 49
1781599944742 3.8878462378345615 50
1781599944744 3.9039425973529878 51
1781599944745 3.87604166373235 52
1781599944746 3.872081503214765 53
1781599944747 3.8613764187575352 54
1781599944749 3.852865184128403 55
1781599944750 3.8406467233877417 56
1781599944751 3.845586863110469 57
1781599944753 3.8307043962894394 58
1781599944754 3.830132491348421 59
1781599944755 3.822667805433903 60
1781599944757 3.8119436655900394 61
1781599944758 3.8100133675739416 62
1781599944759 3.8173102313259726 63
1781599944761 3.808082297294778 64
1781599944762 3.802019628269094 65
1781599944763 3.79525786243752 66
1781599944765 3.799190782833522 67
1781599944766 3.788611739961157 68
1781599944768 3.7922713464709346 69
1781599944769 3.7981209141193273 70
1781599944770 3.7945212522349654 71
1781599944772 3.7940726276313548 72
1781599944773 3.790667671142247 73
1781599944775 3.7876711742806775 74
1781599944777 3.7906884788494812 75
1781599944778 3.7940094457333178 76
1781599944780 3.796521585349904 77
1781599944781 3.7888241368177282 78
1781599944784 3.7912086458776932 79
1781599944786 3.7855660941290585 80
1781599944788 3.7968240335948735 81
1781599944789 3.78726261609499 82
1781599944791 3.7845970984105146 83
1781599944793 3.7889437780362987 84
1781599944794 3.7877888214663704 85
1781599944796 3.790244625842918 86
1781599944797 3.7991820732950403 87
