1781599996102 17.261251978557155 0
1781599996104 13.162451588662162 1
1781599996105 12.607754831981971 2
1781599996106 10.88600005532267 3
1781599996107 10.950372681867343 4
1781599996109 10.165822169919894 5
1781599996110 9.759312046977946 6
1781599996111 9.060514788243959 7
1781599996113 8.591977044834028 8
1781599996114 8.285308726862826 9
1781599996115 8.517090801782503 10
1781599996116 8.213664738838062 11
1781599996118 8.102884647306594 12
1781599996119 7.3458729436663415 13
1781599996120 6.62899249488218 14
1781599996121 6.451170234460946 15
1781599996123 6.402390431206433 16
1781599996124 6.082763514074183 17
1781599996125 5.967625970875762 18
1781599996127 6.0788300367972035 19
1781599996128 5.560703015598191 20
1781599996129 5.8594807848571495 21
1781599996131 5.462046006762458 22
1781599996132 5.396491721935779 23
1781599996133 5.530566625323394 24
1781599996134 5.112262912482711 25
1781599996136 5.188287887224782 26
1781599996137 5.009131478652953 27
1781599996138 4.989455158523079 28
1781599996140 5.0214126273894495 29
1781599996141 4.801286542339797 30
1781599996142 4.780766446922092 31
1781599996143 4.549593155488781 32
1781599996145 4.804891656335071 33
1781599996146 4.5871969757152655 34
1781599996147 4.648955346396807 35
1781599996148 4.592549265174319 36
1781599996150 4.8248996698534174 37
1781599996151 4.638777165684191 38
1781599996152 4.39860650298134 39
1781599996153 4.328240323717615 40
1781599996155 4.601920274002004 41
1781599996156 4.4624852864490485 42
1781599996157 4.347581911733597 43
1781599996158 4.3876384852509105 44
1781599996160 4.5092997822109915 45
1781599996161 4.255751307778535 46
1781599996162 4.330886942858525 47
1781599996163 4.233327841699772 48
1781599996165 4.575919485417975 49
1781599996166 4.264492697702646 50
1781599996167 4.261579881615181 51
1781599996169 4.339768249971324 52
1781599996170 4.069057719366319 53
1781599996171 4.2348307127100675 54
1781599996173 4.228848820985664 55
1781599996174 4.199577926827564 56
1781599996175 4.28302231580843 57
1781599996176 4.123511371752176 58
1781599996178 4.154337213385107 59
1781599996179 4.202078463996349 60
1781599996180 4.1246816070720085 61
1781599996181 4.185186548556976 62
1781599996183 4.187551955272954 63
1781599996184 4.217149385322837 64
1781599996185 4.126486325627162 65
1781599996187 4.133463267231941 66
1781599996188 4.157421156434475 67
1781599996189 4.23831708022294 68
1781599996190 4.2652396817779135 69
1781599996192 4.14296936274077 70
1781599996193 4.166634232747906 71
