1781599930442 23.398373431189697 0
1781599930443 17.94812445033535 1
1781599930445 14.647908265237614 2
1781599930446 12.09126046529371 3
1781599930447 11.308728807154557 4
1781599930449 11.263334409627548 5
1781599930450 11.595772317419714 6
1781599930451 9.669250985188151 7
1781599930453 10.639614587477785 8
1781599930454 9.159255904400911 9
1781599930456 9.935847846804503 10
1781599930458 8.569430064644397 11
1781599930459 7.995547463240202 12
1781599930460 8.832834933045138 13
1781599930462 8.000801544679689 14
1781599930464 8.029178746743003 15
1781599930465 7.216400559694591 16
1781599930467 7.137996707482793 17
1781599930468 6.5026194979746474 18
1781599930470 7.007536480833451 19
1781599930471 6.799218637937801 20
1781599930473 6.549363193116027 21
1781599930474 6.710144269251662 22
1781599930475 6.1707492887097395 23
1781599930476 6.501742986097001 24
1781599930478 6.134905898198618 25
1781599930479 5.252893583115565 26
1781599930480 4.783224336341982 27
1781599930482 4.901944656915063 28
1781599930483 4.448550255741849 29
1781599930485 4.191898417446661 30
1781599930486 4.284425746728886 31
1781599930487 4.399279351201972 32
1781599930489 4.377900211287978 33
1781599930491 4.130057180653105 34
1781599930492 4.348666418963242 35
1781599930494 4.187186952461583 36
1781599930495 3.641111751615521 37
1781599930496 3.6583207861995772 38
1781599930498 3.508805509501519 39
1781599930499 3.5067976401109355 40
1781599930501 3.5279485230790977 41
1781599930502 3.3265238071110996 42
1781599930504 3.23228220026359 43
1781599930505 3.15736695178276 44
1781599930506 3.1743184827415982 45
1781599930508 3.1555536081394235 46
1781599930509 3.1553626713011234 47
1781599930511 3.082686297241369 48
1781599930512 3.026362217729393 49
1781599930514 3.1793355975051867 50
1781599930515 3.0016774051660993 51
1781599930517 3.0495020265373225 52
1781599930519 3.0147639706921816 53
1781599930520 3.0267668333217155 54
1781599930522 2.9012773166581747 55
1781599930523 2.9079030551334486 56
1781599930525 2.854230365410273 57
1781599930527 2.934713082833988 58
1781599930528 2.900122848698275 59
1781599930530 2.86351745410059 60
1781599930531 2.83404582772887 61
1781599930533 2.854588830639692 62
1781599930534 2.855231428886191 63
1781599930536 2.7745158775943937 64
1781599930537 2.815262785186693 65
1781599930539 2.8102735471687645 66
1781599930540 2.8019470469726966 67
1781599930542 2.7270697506441355 68
1781599930543 2.716158147817994 69
1781599930545 2.7087476071154524 70
1781599930546 2.712957035267165 71
1781599930548 2.69735424432299 72
1781599930549 2.6940290091118233 73
1781599930551 2.68656074469322 74
1781599930552 2.6790815035555147 75
1781599930554 2.6802419566961166 76
1781599930555 2.701771952650079 77
1781599930557 2.65400774283863 78
1781599930558 2.68470891315472 79
1781599930560 2.6778755551145217 80
1781599930561 2.6480203548699537 81
1781599930563 2.650058447768794 82
1781599930564 2.6696537614460016 83
1781599930566 2.6571950242584044 84
1781599930567 2.651120729228568 85
1781599930569 2.6503435308361674 86
1781599930570 2.664039269893591 87
1781599930572 2.6595001144798185 88
1781599930574 2.661439723621827 89
1781599930575 2.644286563223512 90
1781599930576 2.6437376643331927 91
