1781600127999 16.936571003644627 0
1781600128001 12.81278149287797 1
1781600128002 12.085217745196742 2
1781600128003 10.788688505271043 3
1781600128005 9.739708577052472 4
1781600128006 9.520606325821676 5
1781600128007 8.647971017624076 6
1781600128009 8.215240943576276 7
1781600128010 8.003398103270861 8
1781600128011 7.980799093480904 9
1781600128013 7.768251939841134 10
1781600128014 7.429239239212163 11
1781600128015 7.351971376597802 12
1781600128017 7.721834620191198 13
1781600128018 7.04896507784763 14
1781600128019 6.570103268565394 15
1781600128021 5.923800838030312 16
1781600128022 5.911034567275294 17
1781600128023 5.767018881688425 18
1781600128025 5.973515204477783 19
1781600128026 5.744494947315064 20
1781600128027 5.396573923319171 21
1781600128029 5.1644248605757435 22
1781600128030 5.672002248423997 23
1781600128031 5.279578954384572 24
1781600128033 5.865294642667651 25
1781600128034 5.572410250354732 26
1781600128035 5.3218489777713645 27
1781600128037 4.373724121062585 28
1781600128038 3.819197804961737 29
1781600128039 3.7189106656182607 30
1781600128041 3.7928949619324968 31
1781600128042 3.42127063346441 32
1781600128044 3.6501092650252613 33
1781600128045 3.391564395207134 34
1781600128046 3.3415409561817504 35
1781600128048 3.5462597777054414 36
1781600128049 3.2408765412832268 37
1781600128050 3.1641718036110227 38
1781600128052 2.8141779511435834 39
1781600128053 2.821016146330562 40
1781600128054 2.8384859074736255 41
1781600128056 2.7287138531737183 42
1781600128057 2.914186626183777 43
1781600128058 2.6889649678956844 44
1781600128059 2.7406101819677198 45
1781600128061 2.7573630089723027 46
1781600128062 2.8030872787613634 47
1781600128063 2.6694695524340126 48
1781600128065 2.533875487909549 49
1781600128066 2.6237108004207728 50
1781600128067 2.606589957944403 51
1781600128069 2.5799258528509648 52
1781600128071 2.512827912319146 53
1781600128074 2.6138462867026053 54
1781600128076 2.8007473372853475 55
1781600128078 2.4580611072757117 56
1781600128080 2.4220018322737364 57
1781600128082 2.415691755640352 58
1781600128084 2.2869373484940665 59
1781600128086 2.292669162557034 60
1781600128089 2.2568423722192965 61
1781600128091 2.2421050607232513 62
1781600128093 2.1628554135891616 63
1781600128095 2.15520657596131 64
1781600128097 2.112363637864328 65
1781600128099 2.081263603321537 66
1781600128101 2.061128358530474 67
1781600128102 2.0686929904848386 68
1781600128104 2.0666241564624896 69
1781600128105 2.0081925154603297 70
1781600128106 1.9967337044279512 71
1781600128108 2.000146479681398 72
1781600128109 2.032250603682958 73
1781600128110 2.0480195337786977 74
1781600128112 1.9779420801440173 75
1781600128113 2.027704248696846 76
1781600128114 1.9523210981717114 77
1781600128116 2.0429641552077022 78
1781600128117 1.9652045556025781 79
1781600128118 1.9641363364474005 80
1781600128120 1.9781674074607651 81
1781600128121 1.968600021106939 82
1781600128122 1.983737395791128 83
1781600128123 1.9999971437064203 84
1781600128125 2.135756592322317 85
1781600128126 2.0014521079966463 86
1781600128128 1.9313668535152457 87
1781600128129 1.9358577543558328 88
1781600128130 1.9226282677939552 89
1781600128131 1.940829394361076 90
1781600128133 1.9481253650465922 91
1781600128134 1.917154180777799 92
1781600128135 1.9775673619398966 93
1781600128137 1.922572241702975 94
1781600128138 1.9697576301856354 95
1781600128139 2.0061331434235408 96
1781600128140 1.9783564359735213 97
1781600128142 1.9682395217399002 98
1781600128143 1.9207348423556616 99
1781600128144 1.933035522586858 100
1781600128146 1.9783990423213893 101
1781600128147 1.9754854001221849 102
1781600128148 1.9406246103321354 103
1781600128150 1.9148589418867188 104
1781600128151 1.9495094693203592 105
1781600128152 1.9906802458676618 106
1781600128154 2.0040234950442914 107
1781600128155 1.9296318838707656 108
1781600128156 1.936447808904378 109
1781600128158 1.9285995783686682 110
1781600128159 1.9624109575951576 111
1781600128160 1.9484581143905433 112
1781600128161 2.0330870260252762 113
1781600128163 1.9087286005287192 114
1781600128164 1.9536705519114714 115
