1781599530513 18.17208336255685 0
1781599530515 14.796182373481754 1
1781599530516 13.990706762350102 2
1781599530517 12.81401397899813 3
1781599530518 12.383065650376349 4
1781599530520 12.05515722473031 5
1781599530521 11.607663143060606 6
1781599530522 11.346795847673661 7
1781599530523 11.053436710359971 8
1781599530524 11.186149873235548 9
1781599530526 11.227750083646763 10
1781599530527 10.60637216912332 11
1781599530528 10.24232849716609 12
1781599530529 10.159980572904274 13
1781599530531 10.36235585379446 14
1781599530532 9.399616101578008 15
1781599530533 9.257222138213217 16
1781599530535 9.109147186263309 17
1781599530536 8.921076799476733 18
1781599530537 8.753456114549104 19
1781599530538 8.499560175636404 20
1781599530539 8.479352470548312 21
1781599530541 8.491332344278302 22
1781599530542 8.239926740926567 23
1781599530543 8.068655243492845 24
1781599530544 7.876400661481791 25
1781599530545 7.563311660089074 26
1781599530547 7.540012684167493 27
1781599530548 7.826716730382201 28
1781599530549 7.385439222003637 29
1781599530550 7.163225975693596 30
1781599530552 7.307386365591329 31
1781599530553 7.128751738486418 32
1781599530554 7.109784246663454 33
1781599530555 6.959864884706136 34
1781599530556 6.981140911083304 35
1781599530557 7.064666394976787 36
1781599530559 6.920606493309653 37
1781599530560 6.858118155571226 38
1781599530561 6.846213227199209 39
1781599530562 6.825395026111343 40
1781599530563 6.768253022662107 41
1781599530565 6.751031025034113 42
1781599530566 6.730889381102821 43
1781599530567 6.7092172432624695 44
1781599530568 6.725740055446209 45
1781599530569 6.722361425069153 46
1781599530571 6.8195246060371195 47
1781599530572 6.7242180824438265 48
1781599530573 6.669468726202867 49
1781599530575 6.699710202128985 50
1781599530576 6.652696400980854 51
1781599530577 6.647751390903315 52
1781599530579 6.666890343292307 53
1781599530580 6.681937115851733 54
1781599530581 6.658699326988159 55
1781599530582 6.651934003660477 56
1781599530584 6.6480089630786265 57
