1781599625594 14.709154747157571 0
1781599625595 11.80913357844989 1
1781599625596 9.983114733243339 2
1781599625598 9.081051074137909 3
1781599625599 7.681954880812965 4
1781599625600 6.804216182837028 5
1781599625602 5.898378278785648 6
1781599625603 5.137556668133156 7
1781599625604 5.304344938567962 8
1781599625606 4.829320002497112 9
1781599625607 4.279138677609807 10
1781599625608 3.7296407673674175 11
1781599625610 3.2552595380308578 12
1781599625611 3.0907763610468875 13
1781599625612 3.3052860489884197 14
1781599625614 3.051653699745461 15
1781599625615 2.646747255805617 16
1781599625616 3.0658255208255216 17
1781599625618 2.398251507615352 18
1781599625619 2.3811622434928705 19
1781599625620 1.7026352278541854 20
1781599625622 1.2184808693541698 21
1781599625623 1.1043743918913858 22
1781599625624 1.017190133762234 23
1781599625626 0.9749429167753595 24
1781599625627 0.8912746574166072 25
1781599625628 0.7385459226829957 26
1781599625630 0.6831133249641882 27
1781599625631 0.6424219918926019 28
1781599625632 0.6172808778523623 29
1781599625634 0.668692073042714 30
1781599625635 0.5370315619646312 31
1781599625636 0.544637941116266 32
1781599625638 0.5162860245715986 33
1781599625639 0.5468987007906378 34
1781599625640 0.5859459914405087 35
1781599625642 0.5006263585508798 36
1781599625643 0.5149160413275528 37
1781599625644 0.4580293159980895 38
1781599625645 0.48050041898509394 39
1781599625647 0.4560028309717489 40
1781599625648 0.44585750505425764 41
1781599625649 0.44168636456770616 42
1781599625651 0.4520740539248669 43
1781599625652 0.44236244403260455 44
1781599625653 0.45565146652803346 45
1781599625655 0.43130517333822654 46
1781599625656 0.4320595305521756 47
1781599625658 0.4324005676907947 48
1781599625659 0.4305530943404027 49
1781599625660 0.42829496164893494 50
