1781599611994 19.376528441831933 0
1781599611995 15.882135402421078 1
1781599611997 14.92563953785151 2
1781599611998 12.520446498599085 3
1781599611999 11.704385701647706 4
1781599612001 11.01036790882713 5
1781599612002 10.061331602793658 6
1781599612003 9.756378919958395 7
1781599612005 9.88744083992218 8
1781599612006 8.698071078135774 9
1781599612007 7.6412075228394825 10
1781599612009 7.382707770538362 11
1781599612010 7.687710376724042 12
1781599612012 6.450291423633063 13
1781599612013 6.070611320006946 14
1781599612014 5.640748438242911 15
1781599612015 5.799923679159214 16
1781599612017 4.805336214186947 17
1781599612018 4.711849158654288 18
1781599612019 4.285291345328482 19
1781599612021 4.185870039502599 20
1781599612022 4.160122404630246 21
1781599612023 4.01450013871208 22
1781599612025 3.1174307222214552 23
1781599612026 3.241760642820382 24
1781599612027 2.8789065724548983 25
1781599612029 2.7301938320302424 26
1781599612030 2.5751645480959398 27
1781599612032 2.508988424717023 28
1781599612033 2.4529255939340318 29
1781599612035 2.3828994018182157 30
1781599612036 2.3773259228200234 31
1781599612037 2.2787927012094813 32
1781599612039 2.2456062189753596 33
1781599612040 2.235588019838742 34
1781599612041 2.197618047470898 35
1781599612043 2.175985470045541 36
1781599612044 2.1585951174695848 37
1781599612046 2.1373962078056103 38
1781599612047 2.1329134654138397 39
1781599612048 2.1268217022124607 40
1781599612049 2.107477546180117 41
1781599612051 2.09712339895607 42
1781599612052 2.0863291958320063 43
1781599612053 2.072443877489116 44
1781599612055 2.0655867791468703 45
1781599612056 2.0572217934799424 46
