1781599698490 19.078239423246263 0
1781599698492 17.184664067349733 1
1781599698493 15.894597034997727 2
1781599698495 15.11071868164276 3
1781599698496 14.10614756756913 4
1781599698497 13.462537779818687 5
1781599698499 12.935253558620946 6
1781599698500 12.287179253546215 7
1781599698501 11.779624010558654 8
1781599698502 11.369742138504051 9
1781599698504 11.010603530647716 10
1781599698505 10.746180445657082 11
1781599698506 10.634617197709522 12
1781599698508 10.126870914747691 13
1781599698509 9.99806823093486 14
1781599698510 9.862102813940032 15
1781599698512 9.604327874263136 16
1781599698513 9.412439420441844 17
1781599698514 9.318398085848541 18
1781599698515 9.167515421548563 19
1781599698517 8.923365312140966 20
1781599698518 8.840578892578757 21
1781599698519 8.64772466713321 22
1781599698521 8.664824244356014 23
1781599698522 8.5491540118993 24
1781599698523 8.509266635248636 25
1781599698525 8.15607055947483 26
1781599698526 8.245183188997194 27
1781599698527 7.949179465765864 28
1781599698529 8.022725709584275 29
1781599698530 7.842551675981518 30
1781599698531 7.711060424704717 31
1781599698532 7.693978289972146 32
1781599698534 7.578623651226062 33
1781599698535 7.482271225173973 34
1781599698536 7.370328650967789 35
1781599698537 7.354243175930172 36
1781599698539 7.348868234919924 37
1781599698540 7.306134716936727 38
1781599698541 7.210596779132509 39
1781599698542 7.146769369000318 40
1781599698544 7.11084437697448 41
1781599698545 7.06790117594101 42
1781599698546 7.038990207408595 43
1781599698548 6.980907807790267 44
1781599698549 6.9875259323595795 45
1781599698550 6.947544477345387 46
1781599698551 6.854103245758096 47
1781599698553 6.809898281389791 48
1781599698554 6.812686742963316 49
1781599698555 6.745169254228342 50
1781599698556 6.734176843633052 51
1781599698558 6.691904735938318 52
1781599698559 6.661014470437953 53
1781599698560 6.636304722770364 54
1781599698561 6.594768556752428 55
1781599698563 6.575956977369081 56
1781599698564 6.551068793835002 57
1781599698565 6.544893830542109 58
1781599698566 6.542422718835766 59
1781599698568 6.4960010610813965 60
1781599698569 6.477521178194959 61
1781599698570 6.450565784104224 62
1781599698571 6.452313253522221 63
1781599698573 6.4348127857192035 64
1781599698574 6.421054155157757 65
1781599698575 6.385805803702901 66
1781599698577 6.392989335488906 67
1781599698578 6.391709551023271 68
1781599698579 6.317722799268129 69
1781599698580 6.324160293417612 70
1781599698582 6.296794909120232 71
1781599698583 6.2841560239489 72
1781599698584 6.236022444163816 73
1781599698586 6.232166464160434 74
1781599698587 6.264415471758012 75
1781599698588 6.228084215146413 76
1781599698589 6.209458816312781 77
1781599698590 6.208294220060536 78
1781599698592 6.165446893165988 79
1781599698593 6.142715253465823 80
1781599698594 6.1533567843318275 81
1781599698595 6.1499999479279905 82
1781599698597 6.135065029723968 83
1781599698598 6.133064253379683 84
1781599698599 6.117663972436087 85
1781599698601 6.11033631837503 86
1781599698602 6.105248507529714 87
1781599698603 6.096958618814266 88
1781599698604 6.089543572622149 89
1781599698606 6.085695125949715 90
1781599698607 6.086191460761737 91
1781599698608 6.0887164986664795 92
1781599698609 6.084020559476185 93
1781599698610 6.081671597358636 94
1781599698612 6.0837213925980755 95
1781599698613 6.081608571729764 96
1781599698614 6.0833325008885275 97
1781599698616 6.083239429914912 98
1781599698617 6.083139000127239 99
1781599698618 6.082258854399271 100
