1781600601453 17.19384668691375 0
1781600601455 13.033756009101976 1
1781600601456 11.927783272617926 2
1781600601458 11.093337513321805 3
1781600601459 11.758211941146818 4
1781600601460 10.348518202672201 5
1781600601462 10.12589383261912 6
1781600601463 9.352216806049467 7
1781600601465 8.336000679657953 8
1781600601466 7.748713327153715 9
1781600601467 11.272861304354505 10
1781600601469 8.373712023231409 11
1781600601470 7.395377527291069 12
1781600601471 6.919721722745006 13
1781600601473 6.429673194282865 14
1781600601474 6.556576431988131 15
1781600601475 6.600556187971818 16
1781600601477 5.522901711868044 17
1781600601478 5.798447083675655 18
1781600601480 5.755530962559853 19
1781600601481 4.651004333752771 20
1781600601482 4.555835818658922 21
1781600601483 3.9808512683460973 22
1781600601485 3.6821809827081804 23
1781600601486 4.033814434999742 24
1781600601488 3.6521110252695923 25
1781600601489 3.1370282316430234 26
1781600601490 3.4689461676587032 27
1781600601491 2.842941601672429 28
1781600601493 2.858115369525291 29
1781600601494 2.925181401261546 30
1781600601496 2.587407434254443 31
1781600601497 2.8306491017909314 32
1781600601499 2.652145888446389 33
1781600601500 2.6481921688073573 34
1781600601501 2.6984667925014616 35
1781600601502 2.4280039583639828 36
1781600601504 2.4570554831894142 37
1781600601505 2.4107737425711573 38
1781600601506 2.336162146728842 39
1781600601508 2.373202468574703 40
1781600601509 2.413223820554112 41
1781600601510 2.231778432709967 42
1781600601512 2.205981848974382 43
1781600601513 2.2147318272463976 44
1781600601514 2.1539932737700993 45
1781600601515 2.246085203594779 46
1781600601517 2.1393464006369727 47
1781600601518 2.13315209530357 48
1781600601519 2.144718857892746 49
1781600601521 2.0898067252644767 50
1781600601522 2.092426957896713 51
1781600601523 2.0743809110160636 52
1781600601525 2.308208078701995 53
1781600601526 2.0637820307987518 54
1781600601528 2.046150274597013 55
1781600601529 2.0915141058400453 56
1781600601530 2.0334182061081547 57
1781600601532 2.1391389481015315 58
1781600601533 2.0550550978177853 59
1781600601535 2.0611939193358615 60
1781600601536 2.06593116298794 61
1781600601537 2.0155223504449378 62
1781600601538 2.0408586302925436 63
1781600601540 2.016799205365324 64
1781600601541 2.0662062771358722 65
1781600601542 2.0720740615603876 66
1781600601544 2.0961945081546536 67
1781600601545 2.0146996949268954 68
1781600601546 2.0068127782452456 69
1781600601548 2.024131158028059 70
1781600601549 2.026150603891907 71
1781600601550 2.010404511521771 72
1781600601552 1.9962924632088441 73
1781600601553 2.0066639019203336 74
1781600601554 2.038603817307644 75
1781600601555 2.0223328703017915 76
1781600601557 2.034617805891382 77
1781600601558 2.0023474180789593 78
1781600601559 2.0519292911626033 79
