1781599550344 17.686913730479596 0
1781599550346 14.359630163537386 1
1781599550347 12.421807728289593 2
1781599550348 10.967279632710722 3
1781599550349 10.368246110062461 4
1781599550351 9.945864202216008 5
1781599550352 8.862357863362373 6
1781599550353 8.359634423706593 7
1781599550354 7.686868292841033 8
1781599550356 7.618288066652777 9
1781599550357 7.012770271587298 10
1781599550358 6.4189784877577525 11
1781599550359 6.471456532059533 12
1781599550360 5.514498617821632 13
1781599550362 5.4411622066484275 14
1781599550363 5.217935219198633 15
1781599550364 4.641812004492058 16
1781599550365 4.6213429781340745 17
1781599550367 4.5431825651870685 18
1781599550368 3.9893474495074024 19
1781599550369 3.776659558176645 20
1781599550370 3.1888651570241 21
1781599550371 3.1550238160983874 22
1781599550373 3.0104005844976967 23
1781599550374 2.8342169487938325 24
1781599550375 2.6501886216718615 25
1781599550376 2.5856779504187686 26
1781599550377 2.5532959462773857 27
1781599550379 2.457716847016872 28
1781599550380 2.407995636028252 29
1781599550381 2.3146085418901667 30
1781599550382 2.301730492548088 31
1781599550383 2.305359934698712 32
1781599550385 2.2550598149217316 33
1781599550386 2.296362768553669 34
1781599550387 2.2136561461983817 35
1781599550388 2.179857465752363 36
1781599550390 2.1788763074885305 37
1781599550391 2.1543992496406665 38
1781599550392 2.1698366273047878 39
1781599550393 2.132259382325799 40
1781599550394 2.130894532439919 41
1781599550396 2.1217009421046296 42
1781599550397 2.10386227779259 43
1781599550398 2.1081090585975204 44
