1781599875402 18.258610552711215 0
1781599875404 12.737904879209818 1
1781599875406 11.23111439442774 2
1781599875408 9.876369899850483 3
1781599875410 9.59750163834396 4
1781599875412 8.518602521330228 5
1781599875414 8.123043153274327 6
1781599875417 7.652297267668355 7
1781599875419 7.18438707957874 8
1781599875421 6.761784852649555 9
1781599875423 6.867754117906869 10
1781599875426 6.332051486537947 11
1781599875428 6.059366808133314 12
1781599875430 6.054962785250919 13
1781599875432 5.760539363968273 14
1781599875435 5.62023647119689 15
1781599875438 5.199156556613181 16
1781599875440 5.121488177217245 17
1781599875442 4.986717647666925 18
1781599875445 4.880806002044301 19
1781599875447 4.8320558815926455 20
1781599875449 4.537580339120241 21
1781599875451 4.901385483088854 22
1781599875453 4.742295473965638 23
1781599875455 4.2172582003123775 24
1781599875458 4.164132041885593 25
1781599875460 4.202759988361742 26
1781599875463 3.8284402721483803 27
1781599875465 3.6292266425557727 28
1781599875467 3.5637467039253363 29
1781599875469 3.593650783681382 30
1781599875472 3.5365974704553556 31
1781599875474 3.4259668588753485 32
1781599875476 3.424902870520521 33
1781599875479 3.2675969025414675 34
1781599875481 3.5445005437426618 35
1781599875483 3.1909858058806244 36
1781599875485 3.2919914110705815 37
1781599875488 3.191829310995384 38
1781599875490 3.0063418680417167 39
1781599875492 2.9664644828668223 40
1781599875494 3.0672943050966612 41
1781599875496 2.8379160965383 42
1781599875498 2.8110162489084387 43
1781599875500 2.7791197965692715 44
1781599875502 2.750744174990891 45
1781599875505 2.7112016896475004 46
1781599875507 2.7076538032963953 47
1781599875509 2.7132706718321127 48
1781599875511 2.7610819299231824 49
1781599875513 2.6200757399330894 50
1781599875515 2.61922377332514 51
1781599875518 2.6610504572614464 52
1781599875520 2.6407360295771616 53
1781599875522 2.605800268091845 54
1781599875524 2.5655621400633195 55
1781599875527 2.597467250275171 56
1781599875529 2.5858583149332612 57
1781599875531 2.555406246187182 58
1781599875533 2.5861642323735463 59
1781599875535 2.5428018098742204 60
1781599875537 2.536126197556518 61
1781599875540 2.54476688774388 62
1781599875542 2.55711040399982 63
