1781600051977 22.015460134599802 0
1781600051979 16.74094695203571 1
1781600051980 13.964380416119745 2
1781600051982 12.55356810036795 3
1781600051983 10.476422295704909 4
1781600051984 10.851918028326022 5
1781600051986 10.092461680087062 6
1781600051987 9.125519929260491 7
1781600051988 8.99579567221201 8
1781600051990 9.680339343760929 9
1781600051991 7.996507079740256 10
1781600051992 7.5432477548524055 11
1781600051993 7.066621620834147 12
1781600051995 6.648320007989204 13
1781600051996 7.27297587946069 14
1781600051997 6.4983311873427905 15
1781600051999 6.6042398520971535 16
1781600052000 5.867415994019657 17
1781600052001 5.703205901202105 18
1781600052003 5.812753715711345 19
1781600052004 5.615034487433626 20
1781600052005 5.693793093870073 21
1781600052006 6.013408296573386 22
1781600052008 5.448852124080729 23
1781600052009 5.512116993019787 24
1781600052010 5.711507599495751 25
1781600052011 4.302864200718182 26
1781600052013 4.259704515985008 27
1781600052014 3.8147577817005742 28
1781600052015 3.831923913352269 29
1781600052017 3.9188151308680466 30
1781600052018 3.719476553069892 31
1781600052019 3.744152699295126 32
1781600052021 3.2239708336829582 33
1781600052022 3.159018392094601 34
1781600052023 3.286083769881973 35
1781600052024 3.0704684706746375 36
1781600052026 3.0796175476089287 37
1781600052027 2.9100351656898527 38
1781600052028 2.8717593882889436 39
1781600052030 3.061773348945016 40
1781600052031 3.102952789725898 41
1781600052032 2.760474175968007 42
1781600052034 2.6594501583143377 43
1781600052035 2.6808030460888768 44
1781600052036 2.6056319029487076 45
1781600052038 2.661905703513852 46
1781600052039 2.5620342199456116 47
1781600052040 2.533084390305966 48
1781600052042 2.5099748986284447 49
1781600052043 2.5072090488209233 50
1781600052044 2.53695768258501 51
1781600052046 2.476012460707464 52
1781600052047 2.534830972658755 53
1781600052048 2.408500334518426 54
1781600052050 2.42020880739727 55
1781600052051 2.4296298253708115 56
1781600052052 2.4107348039848904 57
1781600052054 2.388688397323474 58
1781600052055 2.402246489615161 59
1781600052056 2.4043313736324077 60
1781600052058 2.384098610043454 61
1781600052059 2.3644603467160676 62
1781600052060 2.3832141810945164 63
1781600052062 2.3712622408408754 64
1781600052064 2.350829445469577 65
1781600052065 2.370803851455814 66
1781600052067 2.3967083053391742 67
1781600052068 2.3704151824661066 68
1781600052069 2.345560156937021 69
1781600052071 2.344400625758436 70
1781600052072 2.3590396795973163 71
1781600052073 2.3383545613808296 72
1781600052075 2.3386399700680682 73
1781600052076 2.334943193268858 74
1781600052077 2.3506222916248114 75
1781600052079 2.346153411329226 76
1781600052080 2.3561238541982936 77
