1781599606180 23.11181171965687 0
1781599606181 20.261730994742003 1
1781599606182 18.921572995051378 2
1781599606184 16.995655760725334 3
1781599606185 14.963734858514947 4
1781599606187 14.787105547050272 5
1781599606188 13.632712891738679 6
1781599606189 13.197817413077692 7
1781599606191 12.78407085426002 8
1781599606192 12.7349097786762 9
1781599606194 12.33653703411604 10
1781599606195 12.134774992934666 11
1781599606196 12.334305425656396 12
1781599606197 11.86404029914673 13
1781599606199 11.564149683990586 14
1781599606200 11.613269364650202 15
1781599606202 11.617513376666642 16
1781599606203 11.475065647255695 17
1781599606204 11.145367379392896 18
1781599606206 10.944950607062463 19
1781599606207 10.979898053258779 20
1781599606208 10.748906537077193 21
1781599606209 10.704365929752804 22
1781599606211 10.540352549332201 23
1781599606212 10.882918347679919 24
1781599606213 10.503337944142649 25
1781599606215 10.004547666166562 26
1781599606216 9.9977076335705 27
1781599606217 9.81100781928294 28
1781599606218 9.609777267172763 29
1781599606220 9.620747465673398 30
1781599606221 9.36007634645018 31
1781599606222 9.224927370360849 32
1781599606224 9.793494818515756 33
1781599606225 8.969690300320085 34
1781599606226 9.221776923519224 35
1781599606228 8.947436513072775 36
1781599606229 8.946778516047715 37
1781599606230 8.887255503569861 38
1781599606232 8.993421515343227 39
1781599606233 8.347258958908016 40
1781599606234 8.28351623607662 41
1781599606236 8.443922941899338 42
1781599606237 8.247020611196978 43
1781599606238 8.182118403727426 44
1781599606239 8.163984082090378 45
1781599606241 8.24346691215773 46
1781599606242 8.155080255605277 47
1781599606243 8.09917113090915 48
1781599606245 7.943867561713907 49
1781599606246 8.112821893415306 50
1781599606247 7.888243202446321 51
1781599606249 7.937490530985908 52
1781599606250 7.901167382796846 53
1781599606251 7.957206639352744 54
1781599606252 7.85823880073088 55
1781599606254 7.80555563471214 56
1781599606255 7.832320286017959 57
1781599606256 7.892232735729952 58
1781599606258 7.836385075713776 59
1781599606259 7.821124482377316 60
1781599606260 7.815321605571021 61
1781599606262 7.837010681945225 62
1781599606263 7.814844951670243 63
1781599606264 7.795717734644422 64
1781599606266 7.831977765726074 65
1781599606267 7.8014857961624235 66
1781599606268 7.811422765143932 67
1781599606269 7.787990436035268 68
1781599606271 7.805270687189441 69
1781599606272 7.818263994630484 70
1781599606274 7.792101006803928 71
