1781599778680 20.687636122109513 0
1781599778682 19.179580484039928 1
1781599778684 17.97809138093713 2
1781599778685 17.064772185140615 3
1781599778686 16.2569437230598 4
1781599778688 15.694084671604447 5
1781599778689 15.28232626093729 6
1781599778690 14.661148719525452 7
1781599778692 14.010829998127768 8
1781599778693 13.510659193351515 9
1781599778695 13.09434333315012 10
1781599778696 12.846310271471326 11
1781599778697 12.751543644566713 12
1781599778698 12.319271804580996 13
1781599778700 11.852038161242547 14
1781599778701 11.723808921677358 15
1781599778702 11.367692969326813 16
1781599778704 11.210840844309653 17
1781599778705 10.830626830373763 18
1781599778706 10.63127676926662 19
1781599778707 10.564534990103141 20
1781599778709 10.227222143627204 21
1781599778710 10.098495829979237 22
1781599778712 9.874819404385505 23
1781599778713 9.752362690640291 24
1781599778714 9.966901612688893 25
1781599778715 9.46799847920224 26
1781599778717 9.284081072436337 27
1781599778718 9.216476315722728 28
1781599778719 8.99200148287534 29
1781599778720 8.968907431588283 30
1781599778722 9.00167450456503 31
1781599778723 8.728371951101902 32
1781599778724 8.612069594805972 33
1781599778726 8.464492841172893 34
1781599778727 8.362331929242222 35
1781599778729 8.204560263654894 36
1781599778730 8.252760031592068 37
1781599778731 8.178102735219323 38
1781599778733 7.926543920783202 39
1781599778734 7.888485862916212 40
1781599778735 7.785482102092701 41
1781599778737 7.733571823674712 42
1781599778738 7.679294282125332 43
1781599778739 7.6009691794356185 44
1781599778740 7.4778206621484875 45
1781599778742 7.4556153479462495 46
1781599778743 7.305562371529341 47
1781599778745 7.223132558176225 48
1781599778746 7.122903758546959 49
1781599778747 7.196316525886172 50
1781599778748 7.079004648626312 51
1781599778750 7.072591518962583 52
1781599778751 6.932310171408616 53
1781599778752 6.8698628296505735 54
1781599778753 6.813571482992925 55
1781599778755 6.744960450416825 56
1781599778756 6.748940687844289 57
1781599778757 6.633407332349261 58
1781599778759 6.695583768143211 59
1781599778760 6.5189058707566865 60
1781599778761 6.515899441353221 61
1781599778763 6.400630658347954 62
1781599778764 6.466356683349214 63
1781599778765 6.355632699818726 64
1781599778767 6.3634800675509 65
1781599778768 6.257073857509917 66
1781599778769 6.200701282514714 67
1781599778771 6.175384925294203 68
1781599778772 6.111082084854629 69
1781599778774 6.117324227479198 70
1781599778775 6.060775605953764 71
1781599778777 6.010608858443255 72
1781599778779 6.007051258827261 73
1781599778781 5.955558710647982 74
1781599778782 5.948359049596609 75
1781599778784 5.937625740801348 76
1781599778786 5.877556605506067 77
1781599778788 5.845557331043026 78
1781599778789 5.860197425353587 79
1781599778791 5.798033911837629 80
1781599778793 5.775173369220837 81
1781599778795 5.816674100841454 82
1781599778796 5.733651075575753 83
1781599778798 5.714923093996197 84
1781599778799 5.689781140355052 85
1781599778801 5.678908505409784 86
1781599778802 5.678669885475984 87
1781599778803 5.657800715551967 88
1781599778805 5.650776315962659 89
1781599778806 5.64423714722375 90
1781599778807 5.6414695389084715 91
1781599778808 5.643784300503076 92
1781599778810 5.615121481747494 93
1781599778811 5.595679228236242 94
1781599778813 5.589463253726595 95
1781599778814 5.614455192279781 96
1781599778815 5.6067058657123425 97
1781599778816 5.5880265421667 98
1781599778818 5.57967135813779 99
1781599778819 5.562122739350358 100
1781599778820 5.557140884836887 101
1781599778822 5.556966462944443 102
1781599778823 5.554324911166001 103
1781599778824 5.5542920727317115 104
1781599778825 5.551580797028143 105
1781599778827 5.548405987668953 106
1781599778828 5.544639669341331 107
1781599778829 5.542222388407899 108
1781599778831 5.542099417987399 109
1781599778832 5.542785526558096 110
1781599778833 5.543086436943621 111
1781599778835 5.543986461690629 112
1781599778836 5.545210160274162 113
1781599778837 5.5447869250516275 114
1781599778839 5.544695547950525 115
1781599778840 5.543610024303688 116
1781599778841 5.542857486728812 117
1781599778843 5.542318630850216 118
1781599778844 5.5420100767843135 119
1781599778845 5.541492349829113 120
1781599778846 5.540565305997524 121
