1781599897821 16.883485115015535 0
1781599897822 14.112710100560083 1
1781599897823 12.35884423720807 2
1781599897825 11.249579946083692 3
1781599897826 12.408073904138357 4
1781599897827 12.96089445890775 5
1781599897829 11.815700579358293 6
1781599897830 10.522059007385721 7
1781599897831 10.577772055732511 8
1781599897833 8.34462173317123 9
1781599897834 8.04622398373225 10
1781599897835 9.17064976678977 11
1781599897837 7.911908798998332 12
1781599897838 7.57054796704246 13
1781599897839 7.88647900830348 14
1781599897840 7.095920433598202 15
1781599897842 6.955710680293928 16
1781599897843 6.514472283881263 17
1781599897846 6.334755231758649 18
1781599897848 6.324565828092616 19
1781599897850 6.35726231445015 20
1781599897851 5.896572078555095 21
1781599897852 5.74414233570085 22
1781599897854 6.02722437498447 23
1781599897855 5.750565408216489 24
1781599897856 5.752715232140089 25
1781599897857 5.472851761211983 26
1781599897859 6.106057171790074 27
1781599897860 5.443687752426993 28
1781599897862 5.303687682559533 29
1781599897863 5.29545781337432 30
1781599897865 5.261272139911902 31
1781599897866 5.253600188602968 32
1781599897867 5.126705287591857 33
1781599897869 5.122800769938273 34
1781599897870 4.557525971962043 35
1781599897872 4.491585228182056 36
1781599897873 4.5806179016854625 37
1781599897875 4.373351089523346 38
1781599897876 4.286603231684167 39
1781599897877 4.375229036175027 40
1781599897879 4.1140884014202825 41
1781599897880 4.04700588175121 42
1781599897881 3.9686675694413505 43
1781599897882 4.066614109908801 44
1781599897884 3.9120515026477474 45
1781599897885 3.940808605504086 46
1781599897887 3.900228373885603 47
1781599897889 3.8830149475995515 48
1781599897891 3.75624795687157 49
1781599897892 3.8707907096386323 50
1781599897893 3.872938899190464 51
1781599897894 3.7565732436983748 52
1781599897896 3.983692807455507 53
1781599897897 3.8372759641477674 54
1781599897898 3.7236908089283807 55
1781599897899 3.861577703938457 56
1781599897901 3.683105767337464 57
1781599897902 4.039041759770157 58
1781599897904 3.775243306609747 59
1781599897905 3.7535005899031617 60
1781599897906 3.788525221559149 61
1781599897908 3.7268712581664802 62
1781599897909 3.763852817340692 63
1781599897910 3.6571606959258554 64
1781599897911 3.7615845135230592 65
1781599897913 3.762193680413749 66
1781599897914 3.82469997393189 67
1781599897916 3.674874112396613 68
1781599897917 3.6594697358417 69
1781599897918 3.658250218333799 70
1781599897919 3.7295802161734373 71
1781599897921 3.7025061496832934 72
1781599897922 3.623168648409126 73
1781599897923 3.6468223935636286 74
1781599897924 3.7272738272539527 75
1781599897926 3.6509133013463666 76
1781599897927 3.6668283330008036 77
1781599897928 3.597787727868666 78
1781599897930 3.7748703949344526 79
