1781600175467 18.836804928717175 0
1781600175470 13.26478238328914 1
1781600175471 12.855662448037114 2
1781600175473 10.980182622501152 3
1781600175474 10.300768241211836 4
1781600175476 9.792749428643685 5
1781600175477 9.275804178368457 6
1781600175478 8.89934368262306 7
1781600175480 8.356033217433149 8
1781600175481 8.236138759879772 9
1781600175482 7.660355245392338 10
1781600175484 7.331347627711436 11
1781600175485 7.99698881893834 12
1781600175487 7.1037689321531055 13
1781600175488 6.616024283116806 14
1781600175489 6.533129372214014 15
1781600175491 6.234450032663039 16
1781600175492 6.354026668758167 17
1781600175494 5.77305422167396 18
1781600175495 5.870341338415215 19
1781600175496 5.902264932727497 20
1781600175498 5.380672026045903 21
1781600175499 6.629225872256386 22
1781600175500 5.686512703368034 23
1781600175502 5.0955496371439475 24
1781600175503 5.080320022906772 25
1781600175505 5.024215816495014 26
1781600175506 4.997810599996706 27
1781600175507 5.179367859944217 28
1781600175509 4.731153629211809 29
1781600175510 4.7785309950827815 30
1781600175512 5.085138364097412 31
1781600175513 4.328090823045741 32
1781600175514 4.475938723574845 33
1781600175516 5.088234821057064 34
1781600175517 4.4648759950573025 35
1781600175519 4.199035492713573 36
1781600175520 4.341553824089464 37
1781600175521 4.712135877782651 38
1781600175523 4.460474295041992 39
1781600175524 4.372096582712125 40
1781600175526 3.563379497299405 41
1781600175527 3.1900926801151503 42
1781600175529 3.1649499707882103 43
1781600175530 3.0665097735416587 44
1781600175531 3.2215189667907707 45
1781600175533 3.1301602204648824 46
1781600175534 3.0445914254986732 47
1781600175535 2.7332752343084974 48
1781600175536 2.670642388640694 49
1781600175538 2.5494278014022407 50
1781600175539 2.6415479566249433 51
1781600175541 2.5453306103691653 52
1781600175542 2.5742177907062413 53
1781600175544 2.5596900321196068 54
1781600175545 2.5103710585353807 55
1781600175546 2.3569432093148537 56
1781600175548 2.495344808902203 57
1781600175549 2.4184724858348146 58
1781600175550 2.3543416476363475 59
1781600175552 2.3210412345777627 60
1781600175553 2.228631008383449 61
1781600175554 2.2995683067249075 62
1781600175556 2.212585987572911 63
1781600175557 2.2058866839872255 64
1781600175558 2.1734770555483016 65
1781600175560 2.15614379009321 66
1781600175561 2.1445319197241233 67
1781600175562 2.166904082987853 68
1781600175564 2.184610259295671 69
1781600175565 2.157605252399931 70
1781600175566 2.1107519987341905 71
1781600175568 2.1166224192056484 72
1781600175569 2.1536594756151466 73
1781600175570 2.1539664368795237 74
1781600175572 2.079943558355233 75
1781600175573 2.154361538050335 76
1781600175574 2.100512305399177 77
1781600175575 2.1627268193517066 78
1781600175577 2.071141949928023 79
1781600175578 2.08570936647 80
1781600175579 2.1177440388796316 81
1781600175581 2.083352886274757 82
1781600175582 2.1202434434336292 83
1781600175583 2.1252526234944473 84
1781600175585 2.2674259980761646 85
1781600175586 2.1689515431127337 86
1781600175587 2.0810954571961546 87
