1781599684845 22.49035559551002 0
1781599684847 18.76920265807403 1
1781599684848 15.941097160495904 2
1781599684849 14.13797176496596 3
1781599684850 12.820639060276346 4
1781599684852 12.195853116443041 5
1781599684853 11.17095948331643 6
1781599684854 11.276704778111538 7
1781599684856 9.83593851865778 8
1781599684857 9.614536140472618 9
1781599684858 9.324627784299835 10
1781599684860 8.718339285373135 11
1781599684861 8.206453754481673 12
1781599684862 7.9461727809669105 13
1781599684863 7.7736289312762015 14
1781599684865 7.477173495810498 15
1781599684866 7.23927731473541 16
1781599684867 7.075147218651084 17
1781599684869 6.846018924328426 18
1781599684870 6.482645866200436 19
1781599684871 6.540272012237336 20
1781599684873 6.502243196362454 21
1781599684874 6.108445386712496 22
1781599684875 5.991094717287006 23
1781599684876 5.9155590904802295 24
1781599684878 5.620491003015458 25
1781599684879 5.300870160567643 26
1781599684880 5.409323432810402 27
1781599684882 5.089811924054638 28
1781599684883 4.807188664375452 29
1781599684884 4.624116845161797 30
1781599684886 4.6054931775985395 31
1781599684887 4.477187917462553 32
1781599684888 4.435163286081158 33
1781599684890 4.4919595548524525 34
1781599684891 4.341261237943102 35
1781599684892 4.152154441246781 36
1781599684894 4.19365776937801 37
1781599684895 4.073458296024625 38
1781599684896 3.9845132230192903 39
1781599684898 4.083721556443144 40
1781599684899 3.971260575640842 41
1781599684900 3.870724241375753 42
1781599684901 3.8824272732859724 43
1781599684903 3.809697911160168 44
1781599684904 3.7934070132161963 45
1781599684905 3.758359134645063 46
1781599684907 3.7375101420445462 47
1781599684908 3.728195288478716 48
1781599684909 3.712254440772092 49
1781599684911 3.728681408091049 50
1781599684913 3.6892401317028485 51
1781599684915 3.6669133509286738 52
1781599684916 3.6496468064178558 53
1781599684917 3.6461106195219193 54
1781599684919 3.651446230321214 55
1781599684920 3.6392029323645527 56
1781599684921 3.632635469983962 57
1781599684923 3.6259184220659657 58
1781599684924 3.6257824299551955 59
1781599684925 3.6283787138575176 60
1781599684927 3.624351366877465 61
1781599684928 3.625737981142941 62
1781599684929 3.626703098628735 63
1781599684931 3.625824229654981 64
1781599684932 3.623755642907943 65
