1781599635637 15.890190196052478 0
1781599635638 13.84489873189508 1
1781599635640 13.447911497953523 2
1781599635641 12.392501078465546 3
1781599635642 11.665031228609852 4
1781599635644 11.23369422867113 5
1781599635645 11.483042437532612 6
1781599635646 10.31273829803365 7
1781599635647 10.172902046375532 8
1781599635649 10.05737609633068 9
1781599635650 9.2535174931267 10
1781599635651 9.633863738469739 11
1781599635653 9.006808710221087 12
1781599635654 8.53991109548077 13
1781599635655 8.420683978306108 14
1781599635657 8.060727643211065 15
1781599635658 8.10432294624852 16
1781599635660 8.03622721504139 17
1781599635661 7.668072828195499 18
1781599635662 7.211436522839698 19
1781599635664 7.3662376112107895 20
1781599635665 6.89653744195066 21
1781599635666 6.654986787184352 22
1781599635667 6.444315681736048 23
1781599635669 6.169345466427376 24
1781599635670 6.05340406598075 25
1781599635671 6.446489409754889 26
1781599635673 6.028138947267755 27
1781599635674 5.839459580761938 28
1781599635676 5.597752541090922 29
1781599635677 5.575844403459547 30
1781599635678 5.511387184634753 31
1781599635680 5.501448325158085 32
1781599635681 5.382713345140008 33
1781599635682 5.351966544222892 34
1781599635684 5.393352103357588 35
1781599635685 5.39334706536702 36
1781599635686 5.256380364572344 37
1781599635688 5.2204837419954195 38
1781599635689 5.212684321271064 39
1781599635690 5.200775862356519 40
1781599635692 5.184480140862895 41
1781599635693 5.1626411441688385 42
1781599635694 5.134265309088968 43
1781599635696 5.129656015930132 44
1781599635697 5.131886969684066 45
1781599635698 5.135918864201201 46
1781599635700 5.202435710185452 47
