1781599706552 19.260190397963022 0
1781599706554 16.474367810708813 1
1781599706555 14.958599886512403 2
1781599706556 13.128551436627289 3
1781599706558 12.306980727236187 4
1781599706559 11.590684167479996 5
1781599706560 10.701206873663574 6
1781599706562 10.316152817150286 7
1781599706563 9.896979057684899 8
1781599706564 9.661090028391454 9
1781599706566 8.932011797192134 10
1781599706567 8.592180172946842 11
1781599706568 8.202800638089382 12
1781599706570 7.931726147162764 13
1781599706571 7.923762607782433 14
1781599706572 7.361133429461224 15
1781599706573 7.168221916811604 16
1781599706575 7.037914108422491 17
1781599706576 6.725872088672004 18
1781599706577 6.490345558935617 19
1781599706579 6.470545987068004 20
1781599706580 6.165744491566348 21
1781599706581 6.056946561810002 22
1781599706582 5.898056583829576 23
1781599706584 5.827963494115472 24
1781599706585 5.564375283232902 25
1781599706586 5.526468689778677 26
1781599706588 5.346858116703202 27
1781599706589 5.25944613095841 28
1781599706590 5.1247185908934245 29
1781599706592 5.023295665571839 30
1781599706593 4.9957389926586915 31
1781599706594 4.933999713442497 32
1781599706595 4.847172548308424 33
1781599706597 4.8378449460323605 34
1781599706598 4.748971432943844 35
1781599706599 4.727228847460828 36
1781599706601 4.739379857936514 37
1781599706602 4.656915385996005 38
1781599706603 4.607682007345313 39
1781599706604 4.550969382692012 40
1781599706606 4.558361501495063 41
1781599706607 4.512644434010186 42
1781599706608 4.518170804001244 43
1781599706610 4.4888205169009385 44
1781599706611 4.423050414899311 45
1781599706612 4.3804584005746205 46
1781599706614 4.357558940097705 47
1781599706615 4.322101838682809 48
1781599706616 4.327951660181096 49
1781599706618 4.321187516312327 50
1781599706619 4.293377694179804 51
1781599706620 4.2686514133168085 52
1781599706621 4.272402250937412 53
1781599706623 4.25566492164575 54
1781599706624 4.2434359691417 55
1781599706625 4.236737859790727 56
1781599706627 4.240466033036513 57
1781599706628 4.228725875059912 58
1781599706629 4.227115178067961 59
1781599706631 4.223631870618031 60
1781599706632 4.2131231454797495 61
1781599706633 4.206858395062571 62
1781599706635 4.205995391499931 63
1781599706636 4.205678386614126 64
1781599706638 4.205713721147735 65
1781599706639 4.204780747027087 66
1781599706640 4.20683239125512 67
1781599706642 4.201366768383899 68
1781599706643 4.197963194063032 69
