1781599556292 16.934407536972852 0
1781599556293 13.864443639064012 1
1781599556294 11.964516299901852 2
1781599556296 10.706981354332317 3
1781599556297 8.932142976645386 4
1781599556298 7.6106543077324895 5
1781599556300 7.8662836052159015 6
1781599556301 6.44764199979861 7
1781599556302 5.6381192892548775 8
1781599556303 4.8664941850829955 9
1781599556305 4.587408680926961 10
1781599556306 3.778040910354176 11
1781599556307 3.4420219481996397 12
1781599556308 2.8526271360293447 13
1781599556310 2.395446426295836 14
1781599556311 2.3097015977290467 15
1781599556312 2.1524265499246873 16
1781599556314 1.708570251561305 17
1781599556316 1.5834470616465364 18
1781599556318 1.5048599797249573 19
1781599556319 1.4249785179852943 20
1781599556320 1.262038217437214 21
1781599556321 1.1155443016686406 22
1781599556323 1.05533721420149 23
1781599556324 1.074181756929213 24
1781599556325 1.0041281995103264 25
1781599556327 0.8847413086576956 26
1781599556328 0.870845808898687 27
1781599556329 0.8514520430993763 28
1781599556331 0.8024529081123299 29
1781599556332 0.8414867711043215 30
1781599556333 0.7853239729860647 31
1781599556334 0.7722542728856405 32
1781599556336 0.7520678044308605 33
1781599556337 0.7559335523685401 34
1781599556338 0.7394977247816926 35
1781599556339 0.7249416846726818 36
1781599556340 0.7380141597223899 37
1781599556342 0.7283978881556205 38
1781599556343 0.7056271702617323 39
1781599556344 0.6984973957194769 40
1781599556345 0.6948873822017517 41
1781599556347 0.6932986189251232 42
1781599556348 0.6909997112272172 43
1781599556349 0.690057500779373 44
1781599556350 0.686945142145706 45
