1781599589232 20.925748835929532 0
1781599589235 17.966993679329455 1
1781599589237 15.832704635658285 2
1781599589239 14.244971917478184 3
1781599589241 13.478870436400303 4
1781599589242 12.972004090986333 5
1781599589244 12.600388797028527 6
1781599589246 12.524632287429355 7
1781599589248 12.110756935891892 8
1781599589251 12.085285677613872 9
1781599589253 11.518425420673074 10
1781599589255 11.234983436957204 11
1781599589257 10.913348203830473 12
1781599589259 10.833668265469788 13
1781599589261 11.068213168738971 14
1781599589263 10.809817914514856 15
1781599589265 10.600275163726874 16
1781599589267 10.239419466061177 17
1781599589268 10.027957950710677 18
1781599589270 9.959678199771513 19
1781599589273 9.777767424263873 20
1781599589275 9.38968290174818 21
1781599589277 9.34794231237795 22
1781599589279 8.994707928348438 23
1781599589281 9.061292818946455 24
1781599589283 8.742094962895333 25
1781599589285 8.780859485753387 26
1781599589287 8.600578965317997 27
1781599589289 9.257231528274431 28
1781599589291 8.49928210581326 29
1781599589293 8.212355443520607 30
1781599589295 8.098320229159354 31
1781599589297 7.916200145003987 32
1781599589298 8.016024158614075 33
1781599589300 7.8120971943682544 34
1781599589302 8.010644337834384 35
1781599589304 7.816515914108425 36
1781599589306 7.676845367184596 37
1781599589308 7.602805664039123 38
1781599589310 7.611419117655396 39
1781599589312 7.524593286858816 40
1781599589314 7.481915418284362 41
1781599589316 7.488536272738674 42
1781599589318 7.427391932561386 43
1781599589320 7.4438353406313125 44
1781599589322 7.4295037229343315 45
1781599589324 7.395855330115984 46
1781599589326 7.52203596484976 47
1781599589328 7.457296898539114 48
1781599589330 7.35233368569639 49
1781599589332 7.376489679519425 50
1781599589334 7.337364560640985 51
1781599589336 7.33643193559273 52
1781599589338 7.35214520092767 53
1781599589340 7.355998237217415 54
1781599589342 7.329096085753986 55
1781599589344 7.327450625917454 56
1781599589346 7.317616131936759 57
1781599589348 7.350281523257339 58
1781599589350 7.335653385069225 59
1781599589352 7.326189412919303 60
1781599589354 7.332380318125377 61
1781599589356 7.34404832374316 62
