1781600150626 20.716371105181473 0
1781600150627 13.12843984366622 1
1781600150629 11.53312829640416 2
1781600150630 10.789269076134254 3
1781600150631 10.163352213000215 4
1781600150633 9.426634777880905 5
1781600150634 9.441220420416577 6
1781600150636 8.7995081712134 7
1781600150637 8.152358789000537 8
1781600150638 7.571160505017215 9
1781600150640 8.256985742475281 10
1781600150641 7.833315455061511 11
1781600150642 7.150383204228433 12
1781600150643 6.956552051986427 13
1781600150645 6.481701328732395 14
1781600150646 5.770633674869572 15
1781600150647 5.604014804257352 16
1781600150649 5.57173152523652 17
1781600150651 5.262300260102895 18
1781600150653 5.2289828855340215 19
1781600150654 5.055893195842135 20
1781600150656 4.932039120259521 21
1781600150657 5.070312523194988 22
1781600150658 4.79053116726449 23
1781600150660 4.651988502318874 24
1781600150661 4.5889547974589435 25
1781600150662 4.648194673039823 26
1781600150664 4.666312183438277 27
1781600150665 5.0733653771778675 28
1781600150666 4.427405334002494 29
1781600150668 4.112324842321962 30
1781600150669 3.95727733391297 31
1781600150670 3.9081817510729975 32
1781600150672 4.046283486215555 33
1781600150673 3.8450860879867057 34
1781600150674 3.6776328538408474 35
1781600150676 3.603783997151088 36
1781600150677 3.647458689039726 37
1781600150678 3.500673084016142 38
1781600150680 3.486305199940893 39
1781600150681 3.4644967360934684 40
1781600150682 3.5112845558875483 41
1781600150684 3.3593143778274395 42
1781600150685 3.3619874848360785 43
1781600150686 3.309678483019487 44
1781600150688 3.308114115422728 45
1781600150689 3.3145605890969736 46
1781600150690 3.280396635149261 47
1781600150692 3.2646355911069334 48
1781600150693 3.320173169424852 49
1781600150694 3.238885806767226 50
1781600150696 3.2379121455209465 51
1781600150697 3.234353314826581 52
1781600150698 3.227772675754168 53
1781600150700 3.215221838925834 54
1781600150701 3.2125263970906324 55
1781600150702 3.1966579153592347 56
1781600150704 3.236240500209845 57
1781600150705 3.184979496916654 58
1781600150706 3.1820652231212576 59
1781600150708 3.1790314553934813 60
1781600150709 3.1795863416174734 61
1781600150710 3.1862268788117265 62
1781600150711 3.185689550106155 63
1781600150713 3.1734028107368486 64
1781600150714 3.1728506364061317 65
1781600150715 3.1791575884777643 66
